instance=../instances/mapf/sample.txt
agents=100
map_file=arena.map
solver=PIBTM
solved=1
soc=3885
lb_soc=3163
makespan=86
lb_makespan=73
comp_time=2
preprocessing_comp_time=1
starts=(21,20),(36,27),(6,3),(23,15),(30,21),(9,36),(27,16),(9,12),(40,18),(43,10),(23,46),(36,38),(41,37),(25,33),(7,20),(37,19),(33,5),(38,39),(43,16),(19,31),(12,32),(25,44),(2,22),(30,13),(23,34),(40,28),(19,3),(12,16),(41,22),(6,14),(15,30),(40,5),(18,45),(18,7),(5,32),(13,4),(27,30),(28,13),(39,34),(25,28),(11,20),(30,15),(36,45),(2,39),(19,24),(28,34),(43,4),(36,8),(39,1),(37,41),(36,9),(42,11),(34,35),(44,40),(24,14),(22,17),(43,42),(41,14),(7,35),(29,25),(29,37),(32,8),(30,33),(42,24),(23,43),(2,45),(7,21),(11,29),(27,37),(40,44),(9,2),(38,7),(43,6),(10,30),(17,35),(7,15),(28,23),(26,9),(45,43),(12,3),(17,13),(20,36),(18,12),(14,28),(17,9),(18,9),(46,41),(20,17),(21,27),(28,27),(21,13),(11,41),(15,35),(44,2),(7,29),(19,40),(35,21),(40,43),(34,14),(37,12),
goals=(2,21),(18,25),(32,27),(38,11),(40,11),(41,26),(40,14),(38,13),(36,23),(8,17),(12,10),(20,44),(45,40),(28,23),(25,17),(45,27),(16,37),(45,28),(30,40),(15,42),(13,23),(45,7),(37,47),(11,45),(12,3),(22,23),(11,1),(6,27),(36,7),(4,5),(12,25),(6,17),(12,2),(1,14),(23,42),(33,10),(19,7),(15,9),(40,15),(44,11),(46,38),(25,36),(33,24),(46,10),(6,36),(9,8),(39,7),(36,29),(35,46),(3,25),(14,33),(35,20),(42,9),(14,22),(6,5),(16,44),(6,33),(8,14),(31,23),(44,33),(4,25),(47,43),(8,23),(3,42),(32,23),(44,35),(37,27),(43,24),(46,14),(17,12),(21,6),(3,17),(14,38),(4,35),(2,30),(30,7),(43,3),(41,22),(21,26),(12,1),(10,28),(47,26),(27,41),(29,25),(30,37),(24,23),(17,14),(40,29),(18,41),(26,16),(9,2),(12,35),(33,42),(14,35),(38,41),(39,9),(47,8),(38,22),(23,40),(30,47),
solution=
0:(21,20),(36,27),(6,3),(23,15),(30,21),(9,36),(27,16),(9,12),(40,18),(43,10),(23,46),(36,38),(41,37),(25,33),(7,20),(37,19),(33,5),(38,39),(43,16),(19,31),(12,32),(25,44),(2,22),(30,13),(23,34),(40,28),(19,3),(12,16),(41,22),(6,14),(15,30),(40,5),(18,45),(18,7),(5,32),(13,4),(27,30),(28,13),(39,34),(25,28),(11,20),(30,15),(36,45),(2,39),(19,24),(28,34),(43,4),(36,8),(39,1),(37,41),(36,9),(42,11),(34,35),(44,40),(24,14),(22,17),(43,42),(41,14),(7,35),(29,25),(29,37),(32,8),(30,33),(42,24),(23,43),(2,45),(7,21),(11,29),(27,37),(40,44),(9,2),(38,7),(43,6),(10,30),(17,35),(7,15),(28,23),(26,9),(45,43),(12,3),(17,13),(20,36),(18,12),(14,28),(17,9),(18,9),(46,41),(20,17),(21,27),(28,27),(21,13),(11,41),(15,35),(44,2),(7,29),(19,40),(35,21),(40,43),(34,14),(37,12),
1:(20,20),(35,27),(6,4),(24,15),(30,20),(9,35),(27,15),(10,12),(39,18),(42,10),(23,45),(36,39),(42,37),(26,33),(7,19),(38,19),(32,5),(39,39),(42,16),(19,32),(13,32),(25,43),(2,23),(29,13),(23,33),(40,27),(18,3),(11,16),(40,22),(5,14),(14,30),(39,5),(17,45),(18,8),(6,32),(14,4),(27,29),(27,13),(39,33),(26,28),(11,21),(30,16),(35,45),(2,38),(18,24),(27,34),(43,5),(36,9),(39,2),(37,40),(36,10),(41,11),(34,34),(44,39),(23,14),(22,18),(42,42),(40,14),(7,34),(29,26),(29,36),(33,8),(29,33),(42,25),(24,43),(3,45),(7,22),(11,28),(28,37),(39,44),(9,3),(37,7),(43,7),(10,31),(17,35),(7,14),(29,23),(26,10),(45,42),(12,2),(16,13),(21,36),(19,12),(15,28),(17,10),(18,10),(45,41),(20,18),(20,27),(28,26),(20,13),(11,40),(16,35),(44,3),(8,29),(19,39),(35,20),(40,42),(33,14),(36,12),
2:(19,20),(35,26),(7,4),(24,14),(31,20),(10,35),(28,15),(10,13),(39,19),(41,10),(22,45),(35,39),(42,38),(27,33),(8,19),(38,20),(31,5),(40,39),(42,17),(19,33),(13,31),(25,42),(3,23),(29,14),(23,32),(40,26),(17,3),(11,17),(39,22),(5,13),(13,30),(38,5),(17,44),(17,8),(7,32),(15,4),(27,28),(26,13),(40,33),(26,27),(11,22),(29,16),(35,44),(3,38),(17,24),(26,34),(42,5),(36,10),(39,3),(36,40),(35,10),(40,11),(35,34),(44,38),(22,14),(22,19),(41,42),(39,14),(7,33),(30,26),(29,35),(33,9),(29,32),(42,26),(24,42),(4,45),(8,22),(12,28),(28,36),(38,44),(10,3),(36,7),(42,7),(10,32),(16,35),(7,13),(30,23),(26,11),(44,42),(12,1),(16,14),(22,36),(19,13),(16,28),(17,11),(18,11),(44,41),(21,18),(19,27),(27,26),(20,12),(11,39),(16,36),(43,3),(9,29),(19,38),(35,19),(40,41),(32,14),(36,13),
3:(19,21),(35,25),(7,5),(24,13),(32,20),(11,35),(28,14),(11,13),(39,20),(40,10),(21,45),(34,39),(42,39),(27,32),(9,19),(38,21),(30,5),(40,38),(42,18),(19,34),(13,30),(26,42),(3,24),(29,15),(22,32),(39,26),(16,3),(10,17),(38,22),(4,13),(13,29),(38,6),(16,44),(16,8),(8,32),(15,5),(27,27),(25,13),(40,32),(26,26),(11,23),(28,16),(35,43),(4,38),(16,24),(26,33),(41,5),(36,11),(39,4),(36,39),(34,10),(40,12),(36,34),(43,38),(21,14),(21,19),(41,41),(38,14),(8,33),(31,26),(28,35),(33,10),(28,32),(41,26),(24,41),(4,44),(9,22),(12,27),(29,36),(37,44),(11,3),(35,7),(42,8),(10,33),(15,35),(7,12),(30,22),(27,11),(43,42),(12,1),(15,14),(23,36),(20,13),(17,28),(17,12),(19,11),(43,41),(22,18),(19,28),(27,25),(20,11),(11,38),(16,37),(42,3),(9,30),(19,37),(35,18),(40,40),(31,14),(36,14),
4:(18,21),(34,25),(8,5),(24,12),(32,19),(12,35),(29,14),(12,13),(38,20),(39,10),(20,45),(33,39),(43,39),(27,31),(10,19),(39,21),(30,6),(41,38),(42,19),(19,35),(13,29),(26,41),(3,25),(29,16),(21,32),(38,26),(15,3),(9,17),(37,22),(4,12),(13,28),(37,6),(15,44),(16,9),(9,32),(16,5),(27,26),(25,12),(40,31),(26,26),(12,23),(28,17),(35,42),(5,38),(16,25),(26,32),(41,6),(36,12),(38,4),(35,39),(34,11),(39,12),(37,34),(43,37),(21,13),(20,19),(40,41),(37,14),(9,33),(31,27),(28,34),(33,11),(28,31),(40,26),(24,40),(4,43),(9,23),(12,26),(29,35),(36,44),(11,4),(34,7),(42,9),(10,34),(14,35),(7,11),(31,22),(27,12),(42,42),(12,1),(14,14),(24,36),(20,14),(18,28),(17,13),(19,12),(42,41),(23,18),(19,29),(26,25),(20,10),(11,37),(17,37),(42,4),(10,30),(19,36),(36,18),(39,40),(30,14),(35,14),
5:(17,21),(33,25),(8,6),(24,11),(33,19),(13,35),(30,14),(13,13),(38,21),(38,10),(19,45),(33,40),(44,39),(27,30),(11,19),(39,22),(30,7),(41,37),(42,20),(18,35),(13,28),(26,40),(4,25),(28,16),(21,31),(38,25),(14,3),(9,18),(37,21),(4,11),(12,28),(36,6),(14,44),(16,10),(10,32),(17,5),(27,25),(25,11),(40,30),(26,25),(13,23),(27,17),(35,41),(5,37),(15,25),(26,31),(40,6),(36,13),(37,4),(35,38),(34,12),(39,13),(37,33),(42,37),(20,13),(20,20),(40,40),(36,14),(10,33),(31,28),(27,34),(33,12),(28,30),(40,27),(24,39),(5,43),(10,23),(12,25),(30,35),(35,44),(12,4),(33,7),(41,9),(9,34),(14,34),(8,11),(32,22),(28,12),(41,42),(12,1),(13,14),(24,35),(20,15),(19,28),(17,14),(20,12),(41,41),(24,18),(19,30),(26,24),(20,9),(11,36),(18,37),(41,4),(11,30),(20,36),(37,18),(38,40),(30,15),(35,15),
6:(16,21),(32,25),(9,6),(25,11),(34,19),(14,35),(31,14),(14,13),(38,22),(37,10),(18,45),(33,41),(45,39),(27,29),(12,19),(40,22),(30,8),(41,36),(41,20),(18,36),(13,27),(27,40),(5,25),(27,16),(20,31),(38,24),(14,2),(9,19),(36,21),(4,10),(12,27),(35,6),(14,43),(16,11),(11,32),(18,5),(27,24),(25,10),(40,29),(26,24),(13,24),(26,17),(35,40),(6,37),(14,25),(26,30),(39,6),(36,14),(37,5),(35,37),(34,13),(38,13),(37,32),(42,36),(19,13),(19,20),(39,40),(35,14),(11,33),(32,28),(27,33),(33,13),(28,29),(39,27),(25,39),(6,43),(10,24),(13,25),(31,35),(34,44),(13,4),(32,7),(40,9),(9,35),(13,34),(8,10),(32,21),(28,13),(40,42),(12,1),(12,14),(24,34),(21,15),(20,28),(18,14),(21,12),(40,41),(24,19),(19,31),(26,23),(20,8),(12,36),(19,37),(40,4),(12,30),(21,36),(37,17),(38,39),(30,16),(35,16),
7:(15,21),(31,25),(10,6),(26,11),(34,18),(14,34),(32,14),(15,13),(38,23),(37,11),(17,45),(32,41),(45,40),(27,28),(13,19),(41,22),(30,9),(41,35),(40,20),(17,36),(13,26),(27,39),(5,26),(27,17),(20,30),(37,24),(13,2),(8,19),(36,20),(4,9),(12,26),(35,7),(14,42),(15,11),(12,32),(18,6),(27,23),(24,10),(40,28),(27,24),(14,24),(25,17),(35,39),(6,36),(14,26),(25,30),(39,7),(36,15),(36,5),(35,36),(34,14),(37,13),(37,31),(42,35),(18,13),(19,21),(38,40),(35,14),(12,33),(33,28),(27,32),(33,14),(28,28),(39,28),(26,39),(6,42),(11,24),(13,24),(32,35),(33,44),(13,5),(31,7),(40,10),(8,35),(12,34),(9,10),(32,20),(28,14),(39,42),(12,1),(12,15),(25,34),(21,16),(20,27),(19,14),(21,13),(40,40),(24,20),(19,32),(26,22),(19,8),(12,35),(20,37),(39,4),(12,31),(21,35),(37,16),(38,38),(30,17),(35,17),
8:(14,21),(30,25),(11,6),(27,11),(34,18),(14,33),(32,14),(16,13),(37,23),(36,11),(16,45),(32,42),(45,40),(27,27),(14,19),(41,23),(29,9),(41,34),(39,20),(16,36),(13,25),(28,39),(6,26),(27,18),(19,30),(36,24),(12,2),(7,19),(36,19),(4,8),(12,25),(35,8),(13,42),(14,11),(13,32),(19,6),(27,22),(23,10),(40,27),(28,24),(14,25),(25,18),(35,38),(7,36),(14,27),(25,29),(39,7),(36,16),(35,5),(34,36),(33,14),(36,13),(38,31),(42,34),(17,13),(19,22),(38,39),(34,14),(13,33),(34,28),(27,31),(33,13),(28,27),(39,29),(26,38),(7,42),(11,25),(14,24),(33,35),(33,43),(13,6),(31,8),(39,10),(7,35),(11,34),(10,10),(32,19),(28,15),(38,42),(12,1),(11,15),(26,34),(21,17),(21,27),(19,15),(22,13),(40,39),(25,20),(19,33),(26,21),(19,7),(12,35),(20,38),(39,5),(13,31),(22,35),(37,15),(38,37),(30,18),(35,18),
9:(13,21),(29,25),(12,6),(28,11),(35,18),(14,33),(31,14),(17,13),(36,23),(35,11),(16,44),(31,42),(45,40),(27,26),(15,19),(41,24),(28,9),(41,33),(39,21),(16,37),(13,24),(28,38),(7,26),(26,18),(18,30),(35,24),(11,2),(7,20),(36,18),(4,7),(12,25),(35,9),(12,42),(14,12),(14,32),(20,6),(27,21),(22,10),(40,26),(29,24),(14,26),(25,19),(35,37),(8,36),(14,28),(25,28),(39,7),(36,17),(35,6),(34,35),(32,14),(35,13),(38,30),(42,33),(17,12),(19,23),(38,38),(33,14),(13,32),(35,28),(27,30),(34,13),(28,26),(38,29),(27,38),(8,42),(11,26),(15,24),(33,35),(33,42),(14,6),(31,9),(39,11),(6,35),(10,34),(11,10),(33,19),(29,15),(38,41),(12,1),(11,16),(26,33),(22,17),(22,27),(20,15),(22,14),(40,38),(26,20),(19,34),(26,21),(18,7),(12,35),(20,39),(38,5),(14,31),(23,35),(37,14),(38,36),(30,19),(35,19),
10:(12,21),(29,25),(12,7),(29,11),(35,17),(14,32),(30,14),(18,13),(36,23),(35,12),(16,43),(31,43),(45,40),(27,25),(16,19),(42,24),(28,10),(41,32),(39,22),(15,37),(13,23),(29,38),(7,27),(25,18),(17,30),(35,23),(11,1),(7,21),(37,18),(4,6),(12,25),(35,10),(12,41),(13,12),(14,31),(20,7),(27,20),(21,10),(40,25),(29,23),(14,27),(25,20),(35,36),(8,35),(13,28),(24,28),(39,7),(36,18),(35,7),(33,35),(31,14),(35,14),(39,30),(42,32),(17,11),(19,24),(38,37),(32,14),(13,31),(36,28),(26,30),(34,14),(28,25),(37,29),(27,37),(9,42),(11,27),(16,24),(33,36),(32,42),(15,6),(31,10),(38,11),(5,35),(9,34),(12,10),(34,19),(29,16),(38,40),(12,1),(10,16),(27,33),(22,18),(23,27),(20,16),(22,15),(40,37),(26,21),(19,35),(26,22),(18,6),(12,35),(20,40),(37,5),(14,30),(24,35),(38,14),(38,35),(29,19),(35,20),
11:(11,21),(28,25),(12,8),(30,11),(36,17),(14,31),(29,14),(19,13),(36,23),(35,13),(16,42),(31,44),(45,40),(27,24),(17,19),(43,24),(27,10),(41,31),(39,23),(15,38),(13,23),(29,37),(8,27),(25,19),(17,29),(34,23),(11,1),(7,22),(37,17),(4,5),(12,25),(34,10),(12,40),(13,13),(14,30),(21,7),(27,19),(20,10),(40,24),(29,22),(15,27),(25,21),(35,35),(8,34),(13,29),(23,28),(39,7),(36,19),(35,8),(32,35),(30,14),(35,15),(39,29),(42,31),(16,11),(19,25),(38,36),(31,14),(13,30),(37,28),(25,30),(35,14),(28,24),(36,29),(27,36),(9,41),(12,27),(17,24),(34,36),(32,41),(16,6),(30,10),(37,11),(4,35),(9,33),(13,10),(35,19),(29,17),(37,40),(12,1),(10,17),(27,32),(23,18),(24,27),(21,16),(23,15),(39,37),(27,21),(19,36),(26,21),(17,6),(12,35),(20,41),(37,6),(15,30),(25,35),(38,13),(38,34),(29,20),(34,20),
12:(10,21),(27,25),(12,9),(31,11),(36,16),(14,30),(29,14),(20,13),(36,23),(34,13),(16,41),(30,44),(45,40),(27,23),(18,19),(43,25),(26,10),(41,30),(38,23),(15,39),(13,23),(29,36),(9,27),(24,19),(16,29),(33,23),(11,1),(6,22),(37,16),(4,5),(12,25),(33,10),(12,39),(13,14),(15,30),(22,7),(26,19),(19,10),(40,23),(30,22),(16,27),(25,22),(35,34),(8,33),(12,29),(22,28),(39,7),(36,20),(35,9),(31,35),(30,15),(35,16),(39,28),(42,30),(15,11),(19,26),(37,36),(30,14),(13,29),(37,29),(25,29),(36,14),(28,23),(36,30),(27,35),(10,41),(13,27),(18,24),(35,36),(31,41),(17,6),(29,10),(36,11),(4,35),(9,32),(14,10),(35,18),(29,18),(37,39),(12,1),(10,18),(27,31),(23,19),(24,26),(21,17),(23,16),(39,36),(27,22),(18,36),(26,20),(17,5),(12,35),(20,42),(37,7),(16,30),(26,35),(39,13),(38,33),(29,21),(33,20),
13:(9,21),(26,25),(12,10),(32,11),(37,16),(14,29),(28,14),(21,13),(36,23),(33,13),(15,41),(29,44),(45,40),(27,24),(18,18),(44,25),(25,10),(41,29),(38,24),(15,40),(13,23),(30,36),(10,27),(24,20),(15,29),(32,23),(11,1),(6,23),(37,15),(4,5),(12,25),(33,11),(12,38),(12,14),(16,30),(22,8),(25,19),(19,9),(40,22),(31,22),(16,28),(25,23),(35,33),(8,32),(12,30),(22,27),(39,7),(36,21),(35,10),(30,35),(29,15),(35,17),(39,27),(42,29),(14,11),(19,27),(36,36),(29,14),(13,28),(37,30),(25,28),(36,15),(27,23),(35,30),(27,34),(10,40),(14,27),(19,24),(35,35),(30,41),(18,6),(29,11),(35,11),(4,35),(9,31),(15,10),(36,18),(29,19),(37,38),(12,1),(10,19),(27,30),(23,20),(24,25),(21,18),(24,16),(38,36),(28,22),(18,37),(26,19),(17,4),(12,35),(21,42),(36,7),(17,30),(26,34),(39,12),(38,32),(29,22),(33,21),
14:(8,21),(26,25),(12,11),(33,11),(38,16),(15,29),(28,13),(22,13),(36,23),(32,13),(14,41),(28,44),(45,40),(28,24),(19,18),(45,25),(25,11),(41,28),(37,24),(15,41),(13,23),(31,36),(10,28),(24,21),(15,28),(31,23),(11,1),(6,24),(37,14),(4,5),(12,25),(33,12),(12,37),(11,14),(17,30),(22,9),(24,19),(18,9),(40,21),(31,21),(17,28),(25,24),(35,32),(8,31),(11,30),(22,26),(39,7),(36,22),(35,11),(29,35),(28,15),(35,18),(40,27),(42,28),(13,11),(19,28),(35,36),(28,14),(14,28),(38,30),(24,28),(36,16),(26,23),(34,30),(28,34),(11,40),(15,27),(20,24),(36,35),(30,40),(19,6),(28,11),(35,12),(4,35),(9,30),(16,10),(36,17),(30,19),(36,38),(12,1),(10,20),(28,30),(23,21),(25,25),(21,19),(24,17),(37,36),(28,23),(18,38),(26,18),(16,4),(12,35),(22,42),(35,7),(18,30),(26,33),(39,11),(38,31),(29,23),(33,22),
15:(7,21),(26,24),(12,12),(34,11),(38,15),(16,29),(29,13),(23,13),(36,23),(31,13),(14,40),(27,44),(45,40),(28,23),(20,18),(45,26),(25,12),(42,28),(37,25),(15,42),(13,23),(32,36),(10,29),(24,22),(15,27),(30,23),(11,1),(6,25),(37,13),(4,5),(12,25),(33,13),(12,36),(10,14),(18,30),(22,10),(24,18),(17,9),(40,20),(31,20),(17,29),(25,25),(35,31),(9,31),(10,30),(22,25),(39,7),(36,22),(35,12),(28,35),(28,16),(35,19),(41,27),(42,27),(13,10),(19,29),(35,35),(27,14),(14,27),(39,30),(23,28),(37,16),(25,23),(33,30),(28,33),(11,39),(16,27),(21,24),(36,34),(30,39),(20,6),(28,12),(34,12),(4,35),(8,30),(17,10),(37,17),(30,20),(35,38),(12,1),(10,21),(28,29),(23,22),(26,25),(22,19),(24,17),(37,35),(29,23),(18,39),(26,17),(15,4),(12,35),(23,42),(34,7),(19,30),(27,33),(39,10),(38,30),(29,24),(33,23),
16:(6,21),(25,24),(12,13),(35,11),(39,15),(16,28),(30,13),(24,13),(36,23),(31,14),(13,40),(26,44),(45,40),(28,23),(21,18),(45,27),(24,12),(43,28),(36,25),(15,42),(13,23),(33,36),(11,29),(24,23),(15,26),(31,23),(11,1),(6,26),(36,13),(4,5),(12,25),(32,13),(12,36),(9,14),(18,30),(23,10),(23,18),(16,9),(40,19),(32,20),(17,30),(25,26),(35,30),(10,31),(9,30),(21,25),(39,7),(36,22),(35,13),(27,35),(28,17),(35,20),(41,26),(42,26),(12,10),(19,30),(34,35),(26,14),(14,26),(39,31),(23,27),(38,16),(25,23),(32,30),(28,32),(11,38),(17,27),(22,24),(36,33),(30,38),(21,6),(27,12),(33,12),(4,35),(7,30),(18,10),(38,17),(30,21),(35,37),(12,1),(10,22),(28,28),(23,23),(27,25),(22,20),(24,18),(36,35),(30,23),(18,40),(26,16),(14,4),(12,35),(24,42),(34,8),(20,30),(27,32),(39,9),(38,29),(28,24),(33,24),
17:(5,21),(25,25),(13,13),(36,11),(39,14),(17,28),(30,13),(25,13),(36,23),(30,14),(13,39),(25,44),(45,40),(28,23),(21,17),(45,27),(23,12),(44,28),(36,26),(15,42),(13,23),(34,36),(11,30),(24,24),(15,25),(30,23),(11,1),(6,27),(36,12),(4,5),(12,25),(31,13),(12,36),(8,14),(19,30),(24,10),(22,18),(15,9),(40,18),(33,20),(18,30),(25,27),(34,30),(10,30),(9,31),(21,24),(39,7),(36,22),(35,14),(26,35),(28,18),(35,20),(41,25),(42,25),(12,9),(19,31),(33,35),(25,14),(14,25),(40,31),(23,26),(39,16),(24,23),(31,30),(29,32),(11,37),(18,27),(22,24),(37,33),(30,37),(21,6),(27,13),(32,12),(4,35),(6,30),(19,10),(39,17),(30,22),(35,36),(12,1),(10,23),(29,28),(23,24),(28,25),(22,21),(24,19),(36,34),(30,24),(18,41),(26,16),(13,4),(12,35),(25,42),(33,8),(21,30),(27,31),(39,8),(38,28),(27,24),(33,25),
18:(4,21),(25,25),(13,14),(37,11),(40,14),(18,28),(31,13),(26,13),(36,23),(29,14),(12,39),(24,44),(45,40),(28,23),(22,17),(45,27),(22,12),(45,28),(35,26),(15,42),(13,23),(34,35),(11,31),(24,25),(15,24),(29,23),(11,1),(6,27),(36,11),(4,5),(12,25),(31,14),(12,36),(7,14),(20,30),(25,10),(21,18),(15,9),(40,17),(34,20),(19,30),(25,28),(33,30),(10,29),(9,32),(20,24),(39,7),(36,22),(35,15),(25,35),(28,19),(35,20),(41,24),(42,24),(11,9),(19,32),(32,35),(24,14),(14,24),(40,32),(22,26),(40,16),(23,23),(30,30),(30,32),(12,37),(19,27),(23,24),(38,33),(29,37),(21,6),(27,14),(31,12),(4,35),(5,30),(20,10),(39,16),(31,22),(35,35),(12,1),(10,24),(29,27),(23,25),(29,25),(22,22),(24,20),(35,34),(30,25),(18,41),(26,16),(13,3),(12,35),(26,42),(32,8),(21,31),(28,31),(40,8),(38,27),(26,24),(33,26),
19:(3,21),(24,25),(13,15),(38,11),(40,13),(19,28),(32,13),(27,13),(36,23),(28,14),(12,38),(23,44),(45,40),(28,24),(23,17),(45,27),(21,12),(45,28),(35,27),(15,42),(13,23),(34,34),(11,32),(24,26),(15,23),(28,23),(11,1),(6,27),(36,10),(4,5),(12,25),(30,14),(12,36),(6,14),(20,31),(26,10),(21,17),(15,9),(40,16),(34,19),(19,31),(25,29),(33,29),(11,29),(9,33),(19,24),(39,7),(36,22),(35,16),(25,34),(28,20),(35,20),(41,23),(42,23),(11,8),(19,33),(31,35),(23,14),(14,23),(40,33),(21,26),(41,16),(22,23),(29,30),(30,31),(13,37),(20,27),(24,24),(38,32),(28,37),(21,6),(26,14),(30,12),(4,35),(4,30),(21,10),(39,15),(32,22),(34,35),(12,1),(10,25),(30,27),(23,26),(29,25),(23,22),(24,21),(35,33),(30,26),(18,41),(26,16),(13,2),(12,35),(27,42),(31,8),(22,31),(28,30),(41,8),(38,26),(25,24),(33,27),
20:(2,21),(23,25),(13,16),(38,11),(40,12),(19,27),(32,14),(28,13),(36,23),(27,14),(12,37),(22,44),(45,40),(28,23),(24,17),(45,27),(20,12),(45,28),(35,28),(15,42),(13,23),(35,34),(12,32),(24,27),(15,22),(27,23),(11,1),(6,27),(36,9),(4,5),(12,25),(29,14),(12,36),(5,14),(20,32),(27,10),(20,17),(15,9),(40,15),(35,19),(19,32),(25,30),(33,28),(11,28),(8,33),(19,23),(39,7),(36,22),(35,17),(25,33),(27,20),(35,20),(41,22),(42,22),(11,7),(19,34),(30,35),(22,14),(15,23),(41,33),(20,26),(41,17),(21,23),(29,31),(30,30),(13,36),(21,27),(25,24),(38,31),(28,36),(21,6),(25,14),(29,12),(4,35),(3,30),(22,10),(39,14),(33,22),(33,35),(12,1),(10,26),(31,27),(23,27),(29,25),(23,23),(24,22),(35,32),(31,26),(18,41),(26,16),(12,2),(12,35),(28,42),(30,8),(23,31),(28,29),(42,8),(38,25),(25,25),(32,27),
21:(2,21),(22,25),(13,17),(38,11),(40,11),(20,27),(33,14),(29,13),(36,23),(26,14),(12,37),(21,44),(45,40),(28,23),(25,17),(45,27),(19,12),(45,28),(34,28),(15,42),(13,23),(36,34),(12,33),(24,28),(15,21),(26,23),(11,1),(6,27),(36,8),(4,5),(12,25),(28,14),(12,36),(4,14),(20,33),(28,10),(20,16),(15,9),(40,15),(36,19),(19,33),(25,31),(33,27),(11,27),(8,34),(18,23),(39,7),(36,22),(35,18),(25,32),(26,20),(35,20),(41,21),(41,22),(11,6),(19,35),(29,35),(21,14),(16,23),(42,33),(19,26),(41,18),(20,23),(28,31),(30,29),(14,36),(22,27),(26,24),(39,31),(27,36),(21,6),(24,14),(28,12),(4,35),(2,30),(23,10),(39,13),(34,22),(32,35),(12,1),(10,27),(31,26),(23,28),(29,25),(23,24),(24,23),(35,31),(32,26),(18,41),(26,16),(11,2),(12,35),(29,42),(30,9),(23,32),(28,28),(43,8),(38,24),(24,25),(32,28),
22:(2,21),(21,25),(14,17),(38,11),(40,11),(21,27),(34,14),(30,13),(36,23),(25,14),(12,37),(20,44),(45,40),(28,23),(25,17),(45,27),(19,13),(45,28),(33,28),(15,42),(13,23),(36,33),(12,34),(24,29),(15,20),(25,23),(11,1),(6,27),(36,7),(4,5),(12,25),(27,14),(12,36),(3,14),(20,34),(29,10),(19,16),(15,9),(40,15),(37,19),(19,34),(25,32),(33,26),(11,26),(8,35),(17,23),(39,7),(36,22),(35,19),(24,32),(26,21),(35,20),(42,21),(40,22),(10,6),(19,36),(28,35),(20,14),(16,23),(43,33),(19,25),(41,19),(19,23),(28,32),(30,28),(15,36),(23,27),(27,24),(39,30),(26,36),(21,6),(23,14),(28,13),(4,35),(2,30),(24,10),(40,13),(35,22),(31,35),(12,1),(10,28),(32,26),(23,29),(29,25),(24,24),(24,23),(35,30),(32,27),(18,41),(26,16),(10,2),(12,35),(30,42),(29,9),(23,33),(29,28),(44,8),(38,23),(23,25),(32,29),
23:(2,21),(20,25),(14,18),(38,11),(40,11),(22,27),(35,14),(31,13),(36,23),(24,14),(12,37),(20,44),(45,40),(28,23),(25,17),(45,27),(19,14),(45,28),(32,28),(15,42),(13,23),(36,32),(13,34),(24,30),(14,20),(25,23),(11,1),(6,27),(36,7),(4,5),(12,25),(26,14),(12,36),(2,14),(21,34),(30,10),(19,15),(15,9),(40,15),(38,19),(19,35),(25,33),(33,25),(12,26),(7,35),(17,22),(39,7),(36,22),(35,19),(23,32),(26,22),(35,20),(42,20),(39,22),(10,5),(18,36),(27,35),(20,14),(17,23),(44,33),(18,25),(41,20),(18,23),(28,33),(31,28),(15,35),(24,27),(28,24),(40,30),(26,35),(21,6),(22,14),(27,13),(4,35),(2,30),(25,10),(40,12),(35,22),(30,35),(12,1),(10,28),(33,26),(23,30),(29,25),(25,24),(24,23),(35,29),(33,27),(18,41),(26,16),(9,2),(12,35),(31,42),(28,9),(23,34),(29,27),(45,8),(38,22),(23,26),(32,30),
24:(2,21),(19,25),(14,19),(38,11),(40,11),(22,26),(36,14),(32,13),(36,23),(23,14),(12,37),(20,44),(45,40),(28,23),(25,17),(45,27),(19,15),(45,28),(32,29),(15,42),(13,23),(37,32),(14,34),(24,31),(13,20),(25,23),(11,1),(6,27),(36,7),(4,5),(12,25),(25,14),(12,36),(1,14),(21,35),(31,10),(20,15),(15,9),(40,15),(39,19),(20,35),(25,34),(33,24),(13,26),(6,35),(17,21),(39,7),(36,22),(35,19),(22,32),(26,23),(35,20),(42,19),(39,22),(9,5),(17,36),(26,35),(19,14),(18,23),(44,33),(17,25),(41,21),(18,22),(28,34),(31,27),(16,35),(25,27),(29,24),(40,29),(26,34),(21,6),(21,14),(26,13),(4,35),(2,30),(26,10),(41,12),(35,22),(30,34),(12,1),(10,28),(34,26),(23,31),(29,25),(25,25),(24,23),(34,29),(34,27),(18,41),(26,16),(9,2),(12,35),(32,42),(28,10),(23,35),(29,26),(46,8),(38,22),(23,27),(31,30),
25:(2,21),(18,25),(14,20),(38,11),(40,11),(23,26),(37,14),(33,13),(36,23),(22,14),(12,37),(20,44),(45,40),(28,23),(25,17),(45,27),(19,16),(45,28),(31,29),(15,42),(13,23),(38,32),(14,35),(24,32),(13,19),(25,23),(11,1),(6,27),(36,7),(4,5),(12,25),(24,14),(12,36),(1,14),(21,36),(32,10),(20,14),(15,9),(40,15),(39,18),(20,36),(25,35),(33,24),(13,25),(6,36),(16,21),(39,7),(36,22),(35,19),(22,31),(26,24),(35,20),(42,18),(39,22),(8,5),(17,37),(26,35),(18,14),(19,23),(44,33),(16,25),(41,22),(17,22),(27,34),(31,26),(17,35),(26,27),(30,24),(41,29),(26,33),(21,6),(21,14),(25,13),(4,35),(2,30),(26,9),(41,11),(35,22),(29,34),(12,1),(10,28),(35,26),(23,32),(29,25),(25,26),(24,23),(33,29),(34,28),(18,41),(26,16),(9,2),(12,35),(33,42),(27,10),(24,35),(30,26),(47,8),(38,22),(23,28),(30,30),
26:(2,21),(18,25),(15,20),(38,11),(40,11),(24,26),(38,14),(34,13),(36,23),(21,14),(12,37),(20,44),(45,40),(28,23),(25,17),(45,27),(19,17),(45,28),(30,29),(15,42),(13,23),(39,32),(15,35),(24,33),(12,19),(25,23),(11,1),(6,27),(36,7),(4,5),(12,25),(23,14),(12,36),(1,14),(22,36),(33,10),(20,13),(15,9),(40,15),(39,17),(20,37),(25,36),(33,24),(14,25),(6,36),(15,21),(39,7),(36,22),(35,19),(22,30),(25,24),(35,20),(42,17),(39,22),(7,5),(17,38),(25,35),(17,14),(20,23),(44,33),(15,25),(42,22),(17,23),(27,35),(32,26),(18,35),(27,27),(31,24),(42,29),(26,32),(21,6),(20,14),(25,14),(4,35),(2,30),(26,8),(42,11),(35,22),(29,33),(12,1),(10,28),(36,26),(23,33),(29,25),(26,26),(24,23),(33,28),(34,29),(18,41),(26,16),(9,2),(12,35),(33,42),(27,11),(24,36),(30,25),(47,8),(38,22),(23,29),(30,31),
27:(2,21),(18,25),(16,20),(38,11),(40,11),(25,26),(39,14),(35,13),(36,23),(20,14),(12,37),(20,44),(45,40),(28,23),(25,17),(45,27),(19,18),(45,28),(30,30),(15,42),(13,23),(40,32),(15,36),(24,34),(12,18),(25,23),(11,1),(6,27),(36,7),(4,5),(12,25),(22,14),(12,36),(1,14),(22,37),(33,10),(19,13),(15,9),(40,15),(40,17),(20,38),(25,36),(33,24),(14,24),(6,36),(14,21),(39,7),(36,22),(35,19),(21,30),(24,24),(35,20),(42,16),(39,22),(6,5),(16,38),(24,35),(16,14),(21,23),(44,33),(14,25),(42,23),(16,23),(27,36),(32,25),(19,35),(28,27),(32,24),(43,29),(25,32),(21,6),(19,14),(25,15),(4,35),(2,30),(26,7),(42,10),(35,22),(29,32),(12,1),(10,28),(37,26),(23,34),(29,25),(26,27),(24,23),(33,27),(35,29),(18,41),(26,16),(9,2),(12,35),(33,42),(27,12),(24,37),(31,25),(47,8),(38,22),(23,30),(30,32),
28:(2,21),(18,25),(16,21),(38,11),(40,11),(26,26),(40,14),(36,13),(36,23),(19,14),(12,37),(20,44),(45,40),(28,23),(25,17),(45,27),(19,19),(45,28),(30,31),(15,42),(13,23),(41,32),(15,37),(23,34),(12,17),(25,23),(11,1),(6,27),(36,7),(4,5),(12,25),(21,14),(12,36),(1,14),(22,38),(33,10),(19,12),(15,9),(40,15),(41,17),(21,38),(25,36),(33,24),(15,24),(6,36),(13,21),(39,7),(36,22),(35,19),(20,30),(24,25),(35,20),(42,15),(39,22),(6,5),(16,39),(24,35),(15,14),(22,23),(44,33),(13,25),(43,23),(15,23),(26,36),(32,24),(20,35),(29,27),(32,23),(43,28),(24,32),(21,6),(18,14),(24,15),(4,35),(2,30),(27,7),(43,10),(35,22),(28,32),(12,1),(10,28),(38,26),(23,35),(29,25),(27,27),(24,23),(33,26),(36,29),(18,41),(26,16),(9,2),(12,35),(33,42),(27,13),(25,37),(31,24),(47,8),(38,22),(23,31),(30,33),
29:(2,21),(18,25),(17,21),(38,11),(40,11),(27,26),(40,14),(37,13),(36,23),(18,14),(12,37),(20,44),(45,40),(28,23),(25,17),(45,27),(19,20),(45,28),(30,32),(15,42),(13,23),(41,31),(16,37),(22,34),(12,16),(25,23),(11,1),(6,27),(36,7),(4,5),(12,26),(20,14),(12,36),(1,14),(23,38),(33,10),(19,11),(15,9),(40,15),(42,17),(22,38),(25,36),(33,24),(16,24),(6,36),(12,21),(39,7),(36,22),(35,19),(19,30),(23,25),(35,20),(42,14),(39,22),(6,5),(16,40),(23,35),(14,14),(23,23),(44,33),(12,25),(44,23),(14,23),(26,37),(32,23),(21,35),(30,27),(33,23),(44,28),(23,32),(21,6),(17,14),(23,15),(4,35),(2,30),(28,7),(43,9),(35,22),(28,31),(12,1),(10,28),(39,26),(23,36),(29,25),(28,27),(24,23),(32,26),(37,29),(18,41),(26,16),(9,2),(12,35),(33,42),(26,13),(25,38),(31,23),(47,8),(38,22),(23,31),(30,34),
30:(2,21),(18,25),(18,21),(38,11),(40,11),(28,26),(40,14),(38,13),(36,23),(17,14),(12,37),(20,44),(45,40),(28,23),(25,17),(45,27),(19,21),(45,28),(30,33),(15,42),(13,22),(41,30),(16,38),(21,34),(12,15),(25,23),(11,1),(6,27),(36,7),(4,5),(12,25),(19,14),(12,36),(1,14),(23,39),(33,10),(19,10),(15,9),(40,15),(43,17),(23,38),(25,36),(33,24),(16,23),(6,36),(12,20),(39,7),(36,22),(35,19),(19,29),(23,26),(35,20),(42,13),(39,22),(6,5),(16,41),(23,35),(13,14),(24,23),(44,33),(11,25),(44,24),(13,23),(25,37),(32,23),(22,35),(31,27),(34,23),(44,27),(22,32),(21,6),(16,14),(22,15),(4,35),(2,30),(29,7),(43,8),(35,22),(28,30),(12,1),(10,28),(40,26),(23,37),(29,25),(29,27),(24,22),(31,26),(38,29),(18,41),(26,16),(9,2),(12,35),(33,42),(26,14),(26,38),(31,22),(47,8),(38,22),(23,32),(30,35),
31:(2,21),(18,25),(18,22),(38,11),(40,11),(29,26),(40,14),(38,13),(36,23),(16,14),(12,37),(20,44),(45,40),(28,23),(25,17),(45,27),(19,22),(45,28),(30,34),(15,42),(13,23),(41,29),(17,38),(21,35),(12,15),(26,23),(11,1),(6,27),(36,7),(4,5),(12,25),(18,14),(12,36),(1,14),(23,40),(33,10),(19,9),(15,9),(40,15),(43,16),(24,38),(25,36),(33,24),(16,22),(6,36),(11,20),(39,7),(36,22),(35,19),(18,29),(23,27),(35,20),(42,12),(39,22),(6,5),(16,42),(23,36),(12,14),(25,23),(44,33),(10,25),(45,24),(12,23),(25,38),(32,23),(23,35),(32,27),(34,24),(44,26),(21,32),(21,6),(15,14),(21,15),(4,35),(2,30),(30,7),(43,7),(35,22),(27,30),(12,1),(10,28),(41,26),(24,37),(29,25),(29,28),(24,23),(30,26),(39,29),(18,41),(26,16),(9,2),(12,35),(33,42),(26,15),(27,38),(32,22),(47,8),(38,22),(23,33),(30,36),
32:(2,21),(18,25),(18,23),(38,11),(40,11),(30,26),(40,14),(38,13),(36,23),(15,14),(12,37),(20,44),(45,40),(28,23),(25,17),(45,27),(19,23),(45,28),(30,35),(15,42),(13,23),(42,29),(18,38),(20,35),(12,14),(27,23),(11,1),(6,27),(36,7),(4,5),(12,25),(17,14),(12,36),(1,14),(23,41),(33,10),(19,8),(15,9),(40,15),(44,16),(25,38),(25,36),(33,24),(17,22),(6,36),(10,20),(39,7),(36,22),(35,19),(18,28),(22,27),(35,20),(42,11),(39,22),(6,5),(16,43),(22,36),(11,14),(26,23),(44,33),(9,25),(45,25),(11,23),(25,39),(32,23),(24,35),(33,27),(35,24),(44,25),(21,31),(21,6),(14,14),(21,16),(4,35),(2,30),(30,7),(43,6),(35,22),(27,29),(12,1),(10,28),(42,26),(25,37),(29,25),(29,29),(24,23),(30,25),(40,29),(18,41),(26,16),(9,2),(12,35),(33,42),(25,15),(28,38),(33,22),(47,8),(38,22),(23,34),(30,37),
33:(2,21),(18,25),(18,24),(38,11),(40,11),(31,26),(40,14),(38,13),(36,23),(14,14),(12,37),(20,44),(45,40),(28,23),(25,17),(45,27),(19,24),(45,28),(30,36),(15,42),(13,23),(43,29),(19,38),(19,35),(12,13),(27,22),(11,1),(6,27),(36,7),(4,5),(12,25),(16,14),(12,36),(1,14),(23,42),(33,10),(19,7),(15,9),(40,15),(44,15),(26,38),(25,36),(33,24),(17,21),(6,36),(9,20),(39,7),(36,22),(35,19),(17,28),(22,28),(35,20),(42,10),(39,22),(6,5),(16,44),(22,35),(10,14),(27,23),(44,33),(8,25),(45,26),(10,23),(24,39),(32,23),(25,35),(34,27),(36,24),(44,24),(20,31),(21,6),(14,15),(21,17),(4,35),(2,30),(30,7),(43,5),(35,22),(27,28),(12,1),(10,28),(43,26),(26,37),(29,25),(29,30),(24,23),(30,24),(40,29),(18,41),(26,16),(9,2),(12,35),(33,42),(24,15),(28,39),(34,22),(47,8),(38,22),(23,35),(30,38),
34:(2,21),(18,26),(18,25),(38,11),(40,11),(32,26),(40,14),(38,13),(36,23),(13,14),(12,37),(20,44),(45,40),(28,22),(25,17),(45,27),(19,25),(45,28),(30,37),(15,42),(13,23),(44,29),(19,39),(19,36),(12,12),(26,22),(11,1),(6,27),(36,7),(4,5),(12,25),(15,14),(12,36),(1,14),(23,42),(33,10),(19,7),(15,9),(40,15),(44,14),(27,38),(25,36),(33,24),(17,20),(6,36),(9,19),(39,7),(36,22),(35,19),(16,28),(21,28),(35,20),(42,9),(39,22),(6,5),(16,44),(21,35),(9,14),(28,23),(44,33),(7,25),(46,26),(9,23),(23,39),(32,23),(26,35),(35,27),(37,24),(44,23),(19,31),(21,6),(14,16),(20,17),(4,35),(2,30),(30,7),(43,4),(35,22),(26,28),(12,1),(10,28),(44,26),(27,37),(29,25),(30,30),(24,23),(30,23),(40,29),(18,41),(26,16),(9,2),(12,35),(33,42),(24,16),(28,40),(34,21),(47,8),(38,22),(23,36),(30,39),
35:(2,21),(18,25),(19,25),(38,11),(40,11),(33,26),(40,14),(38,13),(36,23),(12,14),(12,37),(20,44),(45,40),(28,23),(25,17),(45,27),(19,26),(45,28),(30,38),(15,42),(13,23),(44,28),(20,39),(18,36),(12,11),(25,22),(11,1),(6,27),(36,7),(4,5),(12,25),(14,14),(12,36),(1,14),(23,42),(33,10),(19,7),(15,9),(40,15),(44,13),(28,38),(25,36),(33,24),(18,20),(6,36),(9,18),(39,7),(36,22),(35,19),(15,28),(20,28),(35,20),(42,9),(39,22),(6,5),(16,44),(20,35),(8,14),(29,23),(44,33),(6,25),(46,27),(8,23),(23,40),(32,23),(27,35),(36,27),(38,24),(45,23),(19,30),(21,6),(13,16),(20,18),(4,35),(2,30),(30,7),(43,3),(35,22),(25,28),(12,1),(10,28),(45,26),(27,38),(29,25),(30,31),(24,23),(30,22),(40,29),(18,41),(26,16),(9,2),(12,35),(33,42),(24,17),(28,41),(34,20),(47,8),(38,22),(23,37),(30,40),
36:(2,21),(18,25),(20,25),(38,11),(40,11),(34,26),(40,14),(38,13),(36,23),(12,15),(12,37),(20,44),(45,40),(28,23),(25,17),(45,27),(19,27),(45,28),(30,39),(15,42),(13,23),(44,27),(21,39),(18,37),(12,10),(24,22),(11,1),(6,27),(36,7),(4,5),(12,25),(14,15),(12,36),(1,14),(23,42),(33,10),(19,7),(15,9),(40,15),(44,12),(29,38),(25,36),(33,24),(18,19),(6,36),(9,17),(39,7),(36,22),(35,19),(14,28),(19,28),(35,20),(42,9),(39,22),(6,5),(16,44),(19,35),(8,14),(30,23),(44,33),(5,25),(46,28),(8,23),(22,40),(32,23),(28,35),(37,27),(39,24),(46,23),(19,29),(21,6),(12,16),(19,18),(4,35),(2,30),(30,7),(43,3),(35,22),(24,28),(12,1),(10,28),(46,26),(27,39),(29,25),(30,32),(24,23),(29,22),(40,29),(18,41),(26,16),(9,2),(12,35),(33,42),(24,18),(29,41),(34,19),(47,8),(38,22),(23,38),(30,41),
37:(2,21),(18,25),(21,25),(38,11),(40,11),(35,26),(40,14),(38,13),(36,23),(11,15),(12,37),(20,44),(45,40),(28,23),(25,17),(45,27),(19,27),(45,28),(30,40),(15,42),(13,23),(44,26),(22,39),(17,37),(12,9),(23,22),(11,1),(6,27),(36,7),(4,5),(12,25),(14,16),(12,36),(1,14),(23,42),(33,10),(19,7),(15,9),(40,15),(44,11),(30,38),(25,36),(33,24),(18,18),(6,36),(9,16),(39,7),(36,22),(35,19),(14,27),(18,28),(35,20),(42,9),(39,22),(6,5),(16,44),(18,35),(8,14),(31,23),(44,33),(4,25),(46,29),(8,23),(21,40),(32,23),(29,35),(37,27),(40,24),(46,22),(19,28),(21,6),(11,16),(19,19),(4,35),(2,30),(30,7),(43,3),(35,22),(23,28),(12,1),(10,28),(47,26),(27,40),(29,25),(30,33),(24,23),(28,22),(40,29),(18,41),(26,16),(9,2),(12,35),(33,42),(23,18),(30,41),(34,18),(47,8),(38,22),(23,39),(30,42),
38:(2,21),(18,25),(22,25),(38,11),(40,11),(36,26),(40,14),(38,13),(36,23),(10,15),(12,37),(20,44),(45,40),(28,23),(25,17),(45,27),(18,27),(45,28),(30,40),(15,42),(13,23),(44,25),(22,40),(16,37),(12,8),(23,23),(11,1),(6,27),(36,7),(4,5),(12,25),(14,17),(12,36),(1,14),(23,42),(33,10),(19,7),(15,9),(40,15),(44,11),(31,38),(25,36),(33,24),(19,18),(6,36),(9,15),(39,7),(36,22),(35,19),(14,26),(17,28),(35,20),(42,9),(39,22),(6,5),(16,44),(17,35),(8,14),(31,23),(44,33),(4,25),(46,30),(8,23),(21,41),(32,23),(30,35),(37,27),(41,24),(46,21),(19,27),(21,6),(10,16),(18,19),(4,35),(2,30),(30,7),(43,3),(35,22),(22,28),(12,1),(10,28),(47,26),(27,41),(29,25),(30,34),(24,23),(28,21),(40,29),(18,41),(26,16),(9,2),(12,35),(33,42),(23,19),(31,41),(35,18),(47,8),(38,22),(23,40),(30,43),
39:(2,21),(18,25),(22,26),(38,11),(40,11),(37,26),(40,14),(38,13),(36,23),(9,15),(12,37),(20,44),(45,40),(28,23),(25,17),(45,27),(18,28),(45,28),(30,40),(15,42),(13,23),(44,24),(22,41),(16,38),(12,7),(22,23),(11,1),(6,27),(36,7),(4,5),(12,25),(13,17),(12,36),(1,14),(23,42),(33,10),(19,7),(15,9),(40,15),(44,11),(32,38),(25,36),(33,24),(19,17),(6,36),(9,14),(39,7),(36,22),(35,19),(14,25),(16,28),(35,20),(42,9),(39,22),(6,5),(16,44),(16,35),(8,14),(31,23),(44,33),(4,25),(46,31),(8,23),(20,41),(32,23),(31,35),(37,27),(42,24),(46,20),(19,26),(21,6),(9,16),(17,19),(4,35),(2,30),(30,7),(43,3),(35,22),(22,27),(12,1),(10,28),(47,26),(27,41),(29,25),(30,35),(24,23),(27,21),(40,29),(18,41),(26,16),(9,2),(12,35),(33,42),(22,19),(32,41),(35,17),(47,8),(38,22),(23,40),(30,44),
40:(2,21),(18,25),(23,26),(38,11),(40,11),(38,26),(40,14),(38,13),(36,23),(8,15),(12,37),(20,44),(45,40),(28,23),(25,17),(45,27),(19,28),(45,28),(30,40),(15,42),(13,23),(45,24),(22,42),(16,39),(12,6),(22,23),(11,1),(6,27),(36,7),(4,5),(12,25),(12,17),(12,36),(1,14),(23,42),(33,10),(19,7),(15,9),(40,15),(44,11),(33,38),(25,36),(33,24),(19,16),(6,36),(9,13),(39,7),(36,22),(35,19),(13,25),(16,29),(35,20),(42,9),(39,22),(6,5),(16,44),(15,35),(8,14),(31,23),(44,33),(4,25),(46,32),(8,23),(19,41),(32,23),(32,35),(37,27),(43,24),(46,19),(19,25),(21,6),(8,16),(17,20),(4,35),(2,30),(30,7),(43,3),(35,22),(21,27),(12,1),(10,28),(47,26),(27,41),(29,25),(30,36),(24,23),(27,20),(40,29),(18,41),(26,16),(9,2),(12,35),(33,42),(22,20),(33,41),(36,17),(47,8),(38,22),(23,40),(30,45),
41:(2,21),(18,25),(24,26),(38,11),(40,11),(39,26),(40,14),(38,13),(36,23),(8,16),(12,37),(20,44),(45,40),(28,23),(25,17),(45,27),(19,29),(45,28),(30,40),(15,42),(13,23),(45,23),(22,43),(15,39),(12,5),(22,23),(11,1),(6,27),(36,7),(4,5),(11,25),(11,17),(12,36),(1,14),(23,42),(33,10),(19,7),(15,9),(40,15),(44,11),(34,38),(25,36),(33,24),(20,16),(6,36),(9,12),(39,7),(36,22),(35,19),(12,25),(15,29),(35,20),(42,9),(39,22),(6,5),(16,44),(14,35),(8,14),(31,23),(44,33),(4,25),(46,33),(8,23),(19,42),(32,23),(33,35),(37,27),(43,24),(46,18),(19,24),(21,6),(8,17),(16,20),(4,35),(2,30),(30,7),(43,3),(35,22),(21,26),(12,1),(10,28),(47,26),(27,41),(29,25),(30,37),(24,23),(26,20),(40,29),(18,41),(26,16),(9,2),(12,35),(33,42),(22,21),(34,41),(37,17),(47,8),(38,22),(23,40),(30,46),
42:(2,21),(18,25),(25,26),(38,11),(40,11),(40,26),(40,14),(38,13),(36,23),(8,17),(12,37),(20,44),(45,40),(28,23),(25,17),(45,27),(19,30),(45,28),(30,40),(15,42),(13,23),(45,22),(22,44),(15,40),(12,4),(22,23),(11,1),(6,27),(36,7),(4,5),(11,26),(10,17),(12,36),(1,14),(23,42),(33,10),(19,7),(15,9),(40,15),(44,11),(35,38),(25,36),(33,24),(20,15),(6,36),(9,11),(39,7),(36,22),(35,19),(11,25),(15,30),(35,20),(42,9),(39,22),(6,5),(16,44),(13,35),(8,14),(31,23),(44,33),(4,25),(46,34),(8,23),(18,42),(32,23),(34,35),(37,27),(43,24),(46,17),(19,23),(21,6),(7,17),(15,20),(4,35),(2,30),(30,7),(43,3),(35,22),(21,26),(12,1),(10,28),(47,26),(27,41),(29,25),(30,37),(24,23),(25,20),(40,29),(18,41),(26,16),(9,2),(12,35),(33,42),(21,21),(35,41),(38,17),(47,8),(38,22),(23,40),(30,47),
43:(2,21),(18,25),(25,27),(38,11),(40,11),(41,26),(40,14),(38,13),(36,23),(8,17),(12,37),(20,44),(45,40),(28,23),(25,17),(45,27),(19,31),(45,28),(30,40),(15,42),(13,23),(45,21),(22,45),(15,41),(12,3),(22,23),(11,1),(6,27),(36,7),(4,5),(12,26),(9,17),(12,36),(1,14),(23,42),(33,10),(19,7),(15,9),(40,15),(44,11),(36,38),(25,36),(33,24),(21,15),(6,36),(9,10),(39,7),(36,22),(35,19),(10,25),(14,30),(35,20),(42,9),(39,22),(6,5),(16,44),(13,34),(8,14),(31,23),(44,33),(4,25),(46,35),(8,23),(17,42),(32,23),(35,35),(37,27),(43,24),(46,16),(19,22),(21,6),(6,17),(15,21),(4,35),(2,30),(30,7),(43,3),(35,22),(21,26),(12,1),(10,28),(47,26),(27,41),(29,25),(30,37),(24,23),(24,20),(40,29),(18,41),(26,16),(9,2),(12,35),(33,42),(20,21),(36,41),(38,16),(47,8),(38,22),(23,40),(30,47),
44:(2,21),(18,25),(26,27),(38,11),(40,11),(41,26),(40,14),(38,13),(36,23),(8,16),(12,37),(20,44),(45,40),(28,23),(25,17),(45,27),(19,32),(45,28),(30,40),(15,42),(13,23),(45,20),(23,45),(14,41),(12,3),(22,23),(11,1),(6,27),(36,7),(4,5),(12,25),(8,17),(12,36),(1,14),(23,42),(33,10),(19,7),(15,9),(40,15),(44,11),(37,38),(25,36),(33,24),(21,14),(6,36),(9,9),(39,7),(36,22),(35,19),(9,25),(14,31),(35,20),(42,9),(39,22),(6,5),(16,44),(12,34),(8,14),(31,23),(44,33),(4,25),(46,36),(8,23),(16,42),(32,23),(36,35),(37,27),(43,24),(46,15),(19,21),(21,6),(5,17),(15,22),(4,35),(2,30),(30,7),(43,3),(35,22),(21,26),(12,1),(10,28),(47,26),(27,41),(29,25),(30,37),(24,23),(23,20),(40,29),(18,41),(26,16),(9,2),(12,35),(33,42),(20,22),(37,41),(38,15),(47,8),(38,22),(23,40),(30,47),
45:(2,21),(18,25),(27,27),(38,11),(40,11),(41,26),(40,14),(38,13),(36,23),(8,17),(12,37),(20,44),(45,40),(28,23),(25,17),(45,27),(19,33),(45,28),(30,40),(15,41),(13,23),(45,19),(24,45),(13,41),(12,3),(22,23),(11,1),(6,27),(36,7),(4,5),(12,25),(7,17),(12,36),(1,14),(23,42),(33,10),(19,7),(15,9),(40,15),(44,11),(38,38),(25,36),(33,24),(21,13),(6,36),(9,8),(39,7),(36,22),(35,19),(8,25),(14,32),(35,20),(42,9),(39,22),(6,5),(16,44),(11,34),(8,14),(31,23),(44,33),(4,25),(47,36),(8,23),(15,42),(32,23),(37,35),(37,27),(43,24),(46,14),(19,20),(21,6),(4,17),(14,22),(4,35),(2,30),(30,7),(43,3),(35,22),(21,26),(12,1),(10,28),(47,26),(27,41),(29,25),(30,37),(24,23),(22,20),(40,29),(18,41),(26,16),(9,2),(12,35),(33,42),(19,22),(38,41),(39,15),(47,8),(38,22),(23,40),(30,47),
46:(2,21),(18,25),(28,27),(38,11),(40,11),(41,26),(40,14),(38,13),(36,23),(8,17),(12,37),(20,44),(45,40),(28,23),(25,17),(45,27),(19,34),(45,28),(30,40),(15,42),(13,23),(45,18),(25,45),(13,42),(12,3),(22,23),(11,1),(6,27),(36,7),(4,5),(12,25),(6,17),(12,36),(1,14),(23,42),(33,10),(19,7),(15,9),(40,15),(44,11),(39,38),(25,36),(33,24),(22,13),(6,36),(9,8),(39,7),(36,22),(35,19),(7,25),(14,33),(35,20),(42,9),(39,22),(6,5),(16,44),(11,33),(8,14),(31,23),(44,33),(4,25),(47,37),(8,23),(14,42),(32,23),(38,35),(37,27),(43,24),(46,14),(19,19),(21,6),(3,17),(14,23),(4,35),(2,30),(30,7),(43,3),(35,22),(21,26),(12,1),(10,28),(47,26),(27,41),(29,25),(30,37),(24,23),(21,20),(40,29),(18,41),(26,16),(9,2),(12,35),(33,42),(19,23),(38,41),(39,14),(47,8),(38,22),(23,40),(30,47),
47:(2,21),(18,25),(29,27),(38,11),(40,11),(41,26),(40,14),(38,13),(36,23),(8,17),(12,37),(20,44),(45,40),(28,23),(25,17),(45,27),(18,34),(45,28),(30,40),(15,42),(13,23),(45,17),(26,45),(12,42),(12,3),(22,23),(11,1),(6,27),(36,7),(4,5),(12,25),(6,17),(12,36),(1,14),(23,42),(33,10),(19,7),(15,9),(40,15),(44,11),(40,38),(25,36),(33,24),(22,12),(6,36),(9,8),(39,7),(36,22),(35,19),(6,25),(14,33),(35,20),(42,9),(39,22),(6,5),(16,44),(10,33),(8,14),(31,23),(44,33),(4,25),(47,38),(8,23),(13,42),(32,23),(39,35),(37,27),(43,24),(46,14),(19,18),(21,6),(3,17),(14,24),(4,35),(2,30),(30,7),(43,3),(35,22),(21,26),(12,1),(10,28),(47,26),(27,41),(29,25),(30,37),(24,23),(20,20),(40,29),(18,41),(26,16),(9,2),(12,35),(33,42),(19,24),(38,41),(39,13),(47,8),(38,22),(23,40),(30,47),
48:(2,21),(18,25),(30,27),(38,11),(40,11),(41,26),(40,14),(38,13),(36,23),(8,17),(12,37),(20,44),(45,40),(28,23),(25,17),(45,27),(18,35),(45,28),(30,40),(15,42),(13,23),(45,16),(27,45),(11,42),(12,3),(22,23),(11,1),(6,27),(36,7),(4,5),(12,25),(6,17),(12,36),(1,14),(23,42),(33,10),(19,7),(15,9),(40,15),(44,11),(41,38),(25,36),(33,24),(22,11),(6,36),(9,8),(39,7),(36,22),(35,19),(5,25),(14,33),(35,20),(42,9),(39,22),(6,5),(16,44),(9,33),(8,14),(31,23),(44,33),(4,25),(47,39),(8,23),(12,42),(32,23),(40,35),(37,27),(43,24),(46,14),(19,17),(21,6),(3,17),(14,25),(4,35),(2,30),(30,7),(43,3),(35,22),(21,26),(12,1),(10,28),(47,26),(27,41),(29,25),(30,37),(24,23),(20,19),(40,29),(18,41),(26,16),(9,2),(12,35),(33,42),(19,25),(38,41),(39,12),(47,8),(38,22),(23,40),(30,47),
49:(2,21),(18,25),(31,27),(38,11),(40,11),(41,26),(40,14),(38,13),(36,23),(8,17),(12,37),(20,44),(45,40),(28,23),(25,17),(45,27),(17,35),(45,28),(30,40),(15,42),(13,23),(45,15),(28,45),(11,43),(12,3),(22,23),(11,1),(6,27),(36,7),(4,5),(12,25),(6,17),(12,36),(1,14),(23,42),(33,10),(19,7),(15,9),(40,15),(44,11),(42,38),(25,36),(33,24),(22,10),(6,36),(9,8),(39,7),(36,22),(35,19),(5,25),(14,33),(35,20),(42,9),(39,22),(6,5),(16,44),(8,33),(8,14),(31,23),(44,33),(4,25),(47,40),(8,23),(11,42),(32,23),(41,35),(37,27),(43,24),(46,14),(19,16),(21,6),(3,17),(14,26),(4,35),(2,30),(30,7),(43,3),(35,22),(21,26),(12,1),(10,28),(47,26),(27,41),(29,25),(30,37),(24,23),(19,19),(40,29),(18,41),(26,16),(9,2),(12,35),(33,42),(19,26),(38,41),(39,11),(47,8),(38,22),(23,40),(30,47),
50:(2,21),(18,25),(32,27),(38,11),(40,11),(41,26),(40,14),(38,13),(36,23),(8,17),(12,37),(20,44),(45,40),(28,23),(25,17),(45,27),(17,36),(45,28),(30,40),(15,42),(13,23),(45,14),(29,45),(11,44),(12,3),(22,23),(11,1),(6,27),(36,7),(4,5),(12,25),(6,17),(12,36),(1,14),(23,42),(33,10),(19,7),(15,9),(40,15),(44,11),(43,38),(25,36),(33,24),(23,10),(6,36),(9,8),(39,7),(36,22),(35,19),(5,25),(14,33),(35,20),(42,9),(39,22),(6,5),(16,44),(7,33),(8,14),(31,23),(44,33),(4,25),(47,41),(8,23),(10,42),(32,23),(42,35),(37,27),(43,24),(46,14),(19,15),(21,6),(3,17),(14,27),(4,35),(2,30),(30,7),(43,3),(35,22),(21,26),(12,1),(10,28),(47,26),(27,41),(29,25),(30,37),(24,23),(19,18),(40,29),(18,41),(26,16),(9,2),(12,35),(33,42),(19,27),(38,41),(39,10),(47,8),(38,22),(23,40),(30,47),
51:(2,21),(18,25),(32,27),(38,11),(40,11),(41,26),(40,14),(38,13),(36,24),(8,17),(12,36),(20,44),(45,40),(28,23),(25,17),(45,27),(17,37),(45,28),(30,40),(15,42),(13,23),(45,13),(30,45),(11,45),(12,3),(22,23),(11,1),(6,27),(36,7),(4,5),(12,25),(6,17),(12,35),(1,14),(23,42),(33,10),(19,7),(15,9),(40,15),(44,11),(44,38),(25,36),(33,24),(24,10),(6,36),(9,8),(39,7),(36,23),(35,20),(5,25),(14,33),(35,21),(42,9),(38,22),(6,5),(16,44),(6,33),(8,14),(31,23),(44,33),(4,25),(47,42),(8,23),(9,42),(32,23),(43,35),(37,27),(43,24),(46,14),(19,14),(21,6),(3,17),(14,28),(4,35),(2,30),(30,7),(43,3),(36,22),(21,26),(12,1),(10,28),(47,26),(27,41),(29,25),(30,37),(24,23),(19,17),(40,29),(18,41),(26,16),(9,2),(13,35),(33,42),(18,27),(38,41),(39,9),(47,8),(38,21),(23,40),(30,47),
52:(2,21),(18,25),(32,27),(38,11),(40,11),(41,26),(40,14),(38,13),(37,24),(8,17),(12,36),(20,44),(45,40),(28,23),(25,17),(45,27),(16,37),(45,28),(30,40),(15,42),(13,23),(45,12),(30,46),(11,45),(12,3),(22,23),(11,1),(6,27),(36,7),(4,5),(12,25),(6,17),(12,34),(1,14),(23,42),(33,10),(19,7),(15,9),(40,15),(44,11),(45,38),(25,36),(33,24),(25,10),(6,36),(9,8),(39,7),(36,24),(35,21),(4,25),(14,33),(34,21),(42,9),(37,22),(6,5),(16,44),(6,33),(8,14),(31,23),(44,33),(4,26),(47,43),(8,23),(8,42),(32,23),(44,35),(37,27),(43,24),(46,14),(19,13),(21,6),(3,17),(14,29),(4,35),(2,30),(30,7),(43,3),(36,22),(21,26),(12,1),(10,28),(47,26),(27,41),(29,25),(30,37),(24,23),(19,16),(40,29),(18,41),(26,16),(9,2),(12,35),(33,42),(18,28),(38,41),(39,9),(47,8),(38,22),(23,40),(30,47),
53:(2,21),(18,25),(32,27),(38,11),(40,11),(41,26),(40,14),(38,13),(37,23),(8,17),(12,35),(20,44),(45,40),(28,23),(25,17),(45,27),(16,37),(45,28),(30,40),(15,42),(13,23),(45,11),(31,46),(11,45),(12,3),(22,23),(11,1),(6,27),(36,7),(4,5),(12,25),(6,17),(12,33),(1,14),(23,42),(33,10),(19,7),(15,9),(40,15),(44,11),(46,38),(25,36),(33,24),(26,10),(6,36),(9,8),(39,7),(36,25),(35,22),(3,25),(14,33),(34,20),(42,9),(36,22),(6,5),(16,44),(6,33),(8,14),(31,23),(44,33),(4,25),(47,43),(8,23),(7,42),(32,23),(44,35),(37,27),(43,24),(46,14),(18,13),(21,6),(3,17),(14,30),(4,35),(2,30),(30,7),(43,3),(36,23),(21,26),(12,1),(10,28),(47,26),(27,41),(29,25),(30,37),(24,23),(19,15),(40,29),(18,41),(26,16),(9,2),(11,35),(33,42),(18,29),(38,41),(39,9),(47,8),(38,22),(23,40),(30,47),
54:(2,21),(18,25),(32,27),(38,11),(40,11),(41,26),(40,14),(38,13),(36,23),(8,17),(12,34),(20,44),(45,40),(28,23),(25,17),(45,27),(16,37),(45,28),(30,40),(15,42),(13,23),(45,10),(32,46),(11,45),(12,3),(22,23),(11,1),(6,27),(36,7),(4,5),(12,25),(6,17),(12,32),(1,14),(23,42),(33,10),(19,7),(15,9),(40,15),(44,11),(46,38),(25,36),(33,24),(27,10),(6,36),(9,8),(39,7),(36,26),(35,23),(3,25),(14,33),(35,20),(42,9),(35,22),(6,5),(16,44),(6,33),(8,14),(31,23),(44,33),(4,25),(47,43),(8,23),(6,42),(32,23),(44,35),(37,27),(43,24),(46,14),(18,12),(21,6),(3,17),(14,31),(4,35),(2,30),(30,7),(43,3),(36,22),(21,26),(12,1),(10,28),(47,26),(27,41),(29,25),(30,37),(24,23),(19,14),(40,29),(18,41),(26,16),(9,2),(12,35),(33,42),(17,29),(38,41),(39,9),(47,8),(38,22),(23,40),(30,47),
55:(2,21),(18,25),(32,27),(38,11),(40,11),(41,26),(40,14),(38,13),(36,23),(8,17),(12,33),(20,44),(45,40),(28,23),(25,17),(45,27),(16,37),(45,28),(30,40),(15,42),(13,23),(45,9),(33,46),(11,45),(12,3),(22,23),(11,1),(6,27),(36,7),(4,5),(12,25),(6,17),(12,31),(1,14),(23,42),(33,10),(19,7),(15,9),(40,15),(44,11),(46,38),(25,36),(33,24),(28,10),(6,36),(9,8),(39,7),(36,27),(35,24),(3,25),(14,33),(35,20),(42,9),(34,22),(6,5),(16,44),(6,33),(8,14),(31,23),(44,33),(4,25),(47,43),(8,23),(5,42),(32,23),(44,35),(37,27),(43,24),(46,14),(17,12),(21,6),(3,17),(14,32),(4,35),(2,30),(30,7),(43,3),(37,22),(21,26),(12,1),(10,28),(47,26),(27,41),(29,25),(30,37),(24,23),(18,14),(40,29),(18,41),(26,16),(9,2),(12,35),(33,42),(16,29),(38,41),(39,9),(47,8),(38,22),(23,40),(30,47),
56:(2,21),(18,25),(32,27),(38,11),(40,11),(41,26),(40,14),(38,13),(36,23),(8,17),(12,32),(20,44),(45,40),(28,23),(25,17),(45,27),(16,37),(45,28),(30,40),(15,42),(13,23),(45,8),(34,46),(11,45),(12,3),(22,23),(11,1),(6,27),(36,7),(4,5),(12,25),(6,17),(12,30),(1,14),(23,42),(33,10),(19,7),(15,9),(40,15),(44,11),(46,38),(25,36),(33,24),(29,10),(6,36),(9,8),(39,7),(36,28),(35,25),(3,25),(14,33),(35,20),(42,9),(33,22),(6,5),(16,44),(6,33),(8,14),(31,23),(44,33),(4,25),(47,43),(8,23),(4,42),(32,23),(44,35),(37,27),(43,24),(46,14),(17,12),(21,6),(3,17),(14,32),(4,35),(2,30),(30,7),(43,3),(38,22),(21,26),(12,1),(10,28),(47,26),(27,41),(29,25),(30,37),(24,23),(17,14),(40,29),(18,41),(26,16),(9,2),(12,35),(33,42),(15,29),(38,41),(39,9),(47,8),(38,21),(23,40),(30,47),
57:(2,21),(18,25),(32,27),(38,11),(40,11),(41,26),(40,14),(38,13),(36,23),(8,17),(12,31),(20,44),(45,40),(28,23),(25,17),(45,27),(16,37),(45,28),(30,40),(15,42),(13,23),(45,7),(35,46),(11,45),(12,3),(22,23),(11,1),(6,27),(36,7),(4,5),(12,25),(6,17),(12,29),(1,14),(23,42),(33,10),(19,7),(15,9),(40,15),(44,11),(46,38),(25,36),(33,24),(30,10),(6,36),(9,8),(39,7),(36,29),(35,26),(3,25),(14,33),(35,20),(42,9),(32,22),(6,5),(16,44),(6,33),(8,14),(31,23),(44,33),(4,25),(47,43),(8,23),(3,42),(32,23),(44,35),(37,27),(43,24),(46,14),(17,12),(21,6),(3,17),(14,32),(4,35),(2,30),(30,7),(43,3),(39,22),(21,26),(12,1),(10,28),(47,26),(27,41),(29,25),(30,37),(24,23),(17,14),(40,29),(18,41),(26,16),(9,2),(12,35),(33,42),(14,29),(38,41),(39,9),(47,8),(38,22),(23,40),(30,47),
58:(2,21),(18,25),(32,27),(38,11),(40,11),(41,26),(40,14),(38,13),(36,23),(8,17),(12,30),(20,44),(45,40),(28,23),(25,17),(45,27),(16,37),(45,28),(30,40),(15,42),(13,23),(45,7),(35,47),(11,45),(12,3),(22,23),(11,1),(6,27),(36,7),(4,5),(12,25),(6,17),(12,28),(1,14),(23,42),(33,10),(19,7),(15,9),(40,15),(44,11),(46,38),(25,36),(33,24),(31,10),(6,36),(9,8),(39,7),(36,29),(35,27),(3,25),(14,33),(35,20),(42,9),(31,22),(6,5),(16,44),(6,33),(8,14),(31,23),(44,33),(4,25),(47,43),(8,23),(3,42),(32,23),(44,35),(37,27),(43,24),(46,14),(17,12),(21,6),(3,17),(14,32),(4,35),(2,30),(30,7),(43,3),(40,22),(21,26),(12,1),(10,28),(47,26),(27,41),(29,25),(30,37),(24,23),(17,14),(40,29),(18,41),(26,16),(9,2),(12,35),(33,42),(14,30),(38,41),(39,9),(47,8),(38,22),(23,40),(30,47),
59:(2,21),(18,25),(32,27),(38,11),(40,11),(41,26),(40,14),(38,13),(36,23),(8,17),(12,29),(20,44),(45,40),(28,23),(25,17),(45,27),(16,37),(45,28),(30,40),(15,42),(13,23),(45,7),(36,47),(11,45),(12,3),(22,23),(11,1),(6,27),(36,7),(4,5),(12,25),(6,17),(12,27),(1,14),(23,42),(33,10),(19,7),(15,9),(40,15),(44,11),(46,38),(25,36),(33,24),(32,10),(6,36),(9,8),(39,7),(36,29),(35,28),(3,25),(14,33),(35,20),(42,9),(30,22),(6,5),(16,44),(6,33),(8,14),(31,23),(44,33),(4,25),(47,43),(8,23),(3,42),(32,23),(44,35),(37,27),(43,24),(46,14),(17,12),(21,6),(3,17),(14,32),(4,35),(2,30),(30,7),(43,3),(41,22),(21,26),(12,1),(10,28),(47,26),(27,41),(29,25),(30,37),(24,23),(17,14),(40,29),(18,41),(26,16),(9,2),(12,35),(33,42),(14,31),(38,41),(39,9),(47,8),(38,22),(23,40),(30,47),
60:(2,21),(18,25),(32,27),(38,11),(40,11),(41,26),(40,14),(38,13),(36,23),(8,17),(12,28),(20,44),(45,40),(28,23),(25,17),(45,27),(16,37),(45,28),(30,40),(15,42),(13,23),(45,7),(37,47),(11,45),(12,3),(22,23),(11,1),(6,27),(36,7),(4,5),(12,25),(6,17),(12,26),(1,14),(23,42),(33,10),(19,7),(15,9),(40,15),(44,11),(46,38),(25,36),(33,24),(32,10),(6,36),(9,8),(39,7),(36,29),(35,29),(3,25),(14,33),(35,20),(42,9),(29,22),(6,5),(16,44),(6,33),(8,14),(31,23),(44,33),(4,25),(47,43),(8,23),(3,42),(32,23),(44,35),(37,27),(43,24),(46,14),(17,12),(21,6),(3,17),(13,32),(4,35),(2,30),(30,7),(43,3),(41,22),(21,26),(12,1),(10,28),(47,26),(27,41),(29,25),(30,37),(24,23),(17,14),(40,29),(18,41),(26,16),(9,2),(12,35),(33,42),(14,32),(38,41),(39,9),(47,8),(38,22),(23,40),(30,47),
61:(2,21),(18,25),(32,27),(38,11),(40,11),(41,26),(40,14),(38,13),(36,23),(8,17),(12,27),(20,44),(45,40),(28,23),(25,17),(45,27),(16,37),(45,28),(30,40),(15,42),(13,23),(45,7),(37,47),(11,45),(12,3),(22,23),(11,1),(6,27),(36,7),(4,5),(12,25),(6,17),(12,26),(1,14),(23,42),(34,10),(19,7),(15,9),(40,15),(44,11),(46,38),(25,36),(33,24),(33,10),(6,36),(9,8),(39,7),(36,29),(35,30),(3,25),(14,34),(35,20),(42,9),(28,22),(6,5),(16,44),(6,33),(8,14),(31,23),(44,33),(4,25),(47,43),(8,23),(3,42),(32,23),(44,35),(37,27),(43,24),(46,14),(17,12),(21,6),(3,17),(13,33),(4,35),(2,30),(30,7),(43,3),(41,22),(21,26),(12,1),(10,28),(47,26),(27,41),(29,25),(30,37),(24,23),(17,14),(40,29),(18,41),(26,16),(9,2),(12,35),(33,42),(14,33),(38,41),(39,9),(47,8),(38,22),(23,40),(30,47),
62:(2,21),(18,25),(32,27),(38,11),(40,11),(41,26),(40,14),(38,13),(36,23),(8,17),(12,26),(20,44),(45,40),(28,23),(25,17),(45,27),(16,37),(45,28),(30,40),(15,42),(13,23),(45,7),(37,47),(11,45),(12,3),(22,23),(11,1),(6,27),(36,7),(4,5),(11,25),(6,17),(12,25),(1,14),(23,42),(33,10),(19,7),(15,9),(40,15),(44,11),(46,38),(25,36),(33,24),(32,10),(6,36),(9,8),(39,7),(36,29),(35,31),(3,25),(14,33),(35,20),(42,9),(27,22),(6,5),(16,44),(6,33),(8,14),(31,23),(44,33),(4,25),(47,43),(8,23),(3,42),(32,23),(44,35),(37,27),(43,24),(46,14),(17,12),(21,6),(3,17),(13,34),(4,35),(2,30),(30,7),(43,3),(41,22),(21,26),(12,1),(10,28),(47,26),(27,41),(29,25),(30,37),(24,23),(17,14),(40,29),(18,41),(26,16),(9,2),(12,35),(33,42),(14,32),(38,41),(39,9),(47,8),(38,22),(23,40),(30,47),
63:(2,21),(18,25),(32,27),(38,11),(40,11),(41,26),(40,14),(38,13),(36,23),(8,17),(12,26),(20,44),(45,40),(28,23),(25,17),(45,27),(16,37),(45,28),(30,40),(15,42),(13,23),(45,7),(37,47),(11,45),(12,3),(22,23),(11,1),(6,27),(36,7),(4,5),(12,25),(6,17),(12,24),(1,14),(23,42),(33,11),(19,7),(15,9),(40,15),(44,11),(46,38),(25,36),(33,24),(33,10),(6,36),(9,8),(39,7),(36,29),(35,32),(3,25),(14,33),(35,20),(42,9),(26,22),(6,5),(16,44),(6,33),(8,14),(31,23),(44,33),(4,25),(47,43),(8,23),(3,42),(32,23),(44,35),(37,27),(43,24),(46,14),(17,12),(21,6),(3,17),(13,35),(4,35),(2,30),(30,7),(43,3),(41,22),(21,26),(12,1),(10,28),(47,26),(27,41),(29,25),(30,37),(24,23),(17,14),(40,29),(18,41),(26,16),(9,2),(12,35),(33,42),(14,32),(38,41),(39,9),(47,8),(38,22),(23,40),(30,47),
64:(2,21),(18,25),(32,27),(38,11),(40,11),(41,26),(40,14),(38,13),(36,23),(8,17),(12,25),(20,44),(45,40),(28,23),(25,17),(45,27),(16,37),(45,28),(30,40),(15,42),(13,23),(45,7),(37,47),(11,45),(12,3),(22,23),(11,1),(6,27),(36,7),(4,5),(13,25),(6,17),(12,23),(1,14),(23,42),(33,10),(19,7),(15,9),(40,15),(44,11),(46,38),(25,36),(33,24),(34,10),(6,36),(9,8),(39,7),(36,29),(35,33),(3,25),(14,33),(35,20),(42,9),(25,22),(6,5),(16,44),(6,33),(8,14),(31,23),(44,33),(4,25),(47,43),(8,23),(3,42),(32,23),(44,35),(37,27),(43,24),(46,14),(17,12),(21,6),(3,17),(14,35),(4,35),(2,30),(30,7),(43,3),(41,22),(21,26),(12,1),(10,28),(47,26),(27,41),(29,25),(30,37),(24,23),(17,14),(40,29),(18,41),(26,16),(9,2),(12,35),(33,42),(14,32),(38,41),(39,9),(47,8),(38,22),(23,40),(30,47),
65:(2,21),(18,25),(32,27),(38,11),(40,11),(41,26),(40,14),(38,13),(36,23),(8,17),(12,24),(20,44),(45,40),(28,23),(25,17),(45,27),(16,37),(45,28),(30,40),(15,42),(13,23),(45,7),(37,47),(11,45),(12,3),(22,23),(11,1),(6,27),(36,7),(4,5),(12,25),(6,17),(12,22),(1,14),(23,42),(33,10),(19,7),(15,9),(40,15),(44,11),(46,38),(25,36),(33,24),(35,10),(6,36),(9,8),(39,7),(36,29),(35,34),(3,25),(14,34),(35,20),(42,9),(24,22),(6,5),(16,44),(6,33),(8,14),(31,23),(44,33),(4,25),(47,43),(8,23),(3,42),(32,23),(44,35),(37,27),(43,24),(46,14),(17,12),(21,6),(3,17),(14,36),(4,35),(2,30),(30,7),(43,3),(41,22),(21,26),(12,1),(10,28),(47,26),(27,41),(29,25),(30,37),(24,23),(17,14),(40,29),(18,41),(26,16),(9,2),(12,35),(33,42),(14,33),(38,41),(39,9),(47,8),(38,22),(23,40),(30,47),
66:(2,21),(18,25),(32,27),(38,11),(40,11),(41,26),(40,14),(38,13),(36,23),(8,17),(12,23),(20,44),(45,40),(28,23),(25,17),(45,27),(16,37),(45,28),(30,40),(15,42),(13,23),(45,7),(37,47),(11,45),(12,3),(22,23),(11,1),(6,27),(36,7),(4,5),(12,25),(6,17),(12,21),(1,14),(23,42),(33,10),(19,7),(15,9),(40,15),(44,11),(46,38),(25,36),(33,24),(36,10),(6,36),(9,8),(39,7),(36,29),(35,35),(3,25),(14,33),(35,20),(42,9),(23,22),(6,5),(16,44),(6,33),(8,14),(31,23),(44,33),(4,25),(47,43),(8,23),(3,42),(32,23),(44,35),(37,27),(43,24),(46,14),(17,12),(21,6),(3,17),(14,37),(4,35),(2,30),(30,7),(43,3),(41,22),(21,26),(12,1),(10,28),(47,26),(27,41),(29,25),(30,37),(24,23),(17,14),(40,29),(18,41),(26,16),(9,2),(12,35),(33,42),(13,33),(38,41),(39,9),(47,8),(38,22),(23,40),(30,47),
67:(2,21),(18,25),(32,27),(38,11),(40,11),(41,26),(40,14),(38,13),(36,23),(8,17),(12,22),(20,44),(45,40),(28,23),(25,17),(45,27),(16,37),(45,28),(30,40),(15,42),(13,23),(45,7),(37,47),(11,45),(12,3),(22,23),(11,1),(6,27),(36,7),(4,5),(12,25),(6,17),(12,20),(1,14),(23,42),(33,10),(19,7),(15,9),(40,15),(44,11),(46,38),(25,36),(33,24),(37,10),(6,36),(9,8),(39,7),(36,29),(35,36),(3,25),(14,33),(35,20),(42,9),(22,22),(6,5),(16,44),(6,33),(8,14),(31,23),(44,33),(4,25),(47,43),(8,23),(3,42),(32,23),(44,35),(37,27),(43,24),(46,14),(17,12),(21,6),(3,17),(14,38),(4,35),(2,30),(30,7),(43,3),(41,22),(21,26),(12,1),(10,28),(47,26),(27,41),(29,25),(30,37),(24,23),(17,14),(40,29),(18,41),(26,16),(9,2),(12,35),(33,42),(13,34),(38,41),(39,9),(47,8),(38,22),(23,40),(30,47),
68:(2,21),(18,25),(32,27),(38,11),(40,11),(41,26),(40,14),(38,13),(36,23),(8,17),(12,21),(20,44),(45,40),(28,23),(25,17),(45,27),(16,37),(45,28),(30,40),(15,42),(13,23),(45,7),(37,47),(11,45),(12,3),(22,23),(11,1),(6,27),(36,7),(4,5),(12,25),(6,17),(12,19),(1,14),(23,42),(33,10),(19,7),(15,9),(40,15),(44,11),(46,38),(25,36),(33,24),(38,10),(6,36),(9,8),(39,7),(36,29),(35,37),(3,25),(14,33),(35,20),(42,9),(21,22),(6,5),(16,44),(6,33),(8,14),(31,23),(44,33),(4,25),(47,43),(8,23),(3,42),(32,23),(44,35),(37,27),(43,24),(46,14),(17,12),(21,6),(3,17),(14,38),(4,35),(2,30),(30,7),(43,3),(41,22),(21,26),(12,1),(10,28),(47,26),(27,41),(29,25),(30,37),(24,23),(17,14),(40,29),(18,41),(26,16),(9,2),(12,35),(33,42),(13,35),(38,41),(39,9),(47,8),(38,22),(23,40),(30,47),
69:(2,21),(18,25),(32,27),(38,11),(40,11),(41,26),(40,14),(38,13),(36,23),(8,17),(12,20),(20,44),(45,40),(28,23),(25,17),(45,27),(16,37),(45,28),(30,40),(15,42),(13,23),(45,7),(37,47),(11,45),(12,3),(22,23),(11,1),(6,27),(36,7),(4,5),(12,25),(6,17),(12,18),(1,14),(23,42),(33,10),(19,7),(15,9),(40,15),(44,11),(46,38),(25,36),(33,24),(39,10),(6,36),(9,8),(39,7),(36,29),(35,38),(3,25),(14,33),(35,20),(42,9),(20,22),(6,5),(16,44),(6,33),(8,14),(31,23),(44,33),(4,25),(47,43),(8,23),(3,42),(32,23),(44,35),(37,27),(43,24),(46,14),(17,12),(21,6),(3,17),(14,38),(4,35),(2,30),(30,7),(43,3),(41,22),(21,26),(12,1),(10,28),(47,26),(27,41),(29,25),(30,37),(24,23),(17,14),(40,29),(18,41),(26,16),(9,2),(12,35),(33,42),(14,35),(38,41),(39,9),(47,8),(38,22),(23,40),(30,47),
70:(2,21),(18,25),(32,27),(38,11),(40,11),(41,26),(40,14),(38,13),(36,23),(8,17),(12,19),(20,44),(45,40),(28,23),(25,17),(45,27),(16,37),(45,28),(30,40),(15,42),(13,23),(45,7),(37,47),(11,45),(12,3),(22,23),(11,1),(6,27),(36,7),(4,5),(12,25),(6,17),(12,17),(1,14),(23,42),(33,10),(19,7),(15,9),(40,15),(44,11),(46,38),(25,36),(33,24),(40,10),(6,36),(9,8),(39,7),(36,29),(35,39),(3,25),(14,33),(35,20),(42,9),(19,22),(6,5),(16,44),(6,33),(8,14),(31,23),(44,33),(4,25),(47,43),(8,23),(3,42),(32,23),(44,35),(37,27),(43,24),(46,14),(17,12),(21,6),(3,17),(14,38),(4,35),(2,30),(30,7),(43,3),(41,22),(21,26),(12,1),(10,28),(47,26),(27,41),(29,25),(30,37),(24,23),(17,14),(40,29),(18,41),(26,16),(9,2),(12,35),(33,42),(14,35),(38,41),(39,9),(47,8),(38,22),(23,40),(30,47),
71:(2,21),(18,25),(32,27),(38,11),(40,11),(41,26),(40,14),(38,13),(36,23),(8,17),(12,18),(20,44),(45,40),(28,23),(25,17),(45,27),(16,37),(45,28),(30,40),(15,42),(13,23),(45,7),(37,47),(11,45),(12,3),(22,23),(11,1),(6,27),(36,7),(4,5),(12,25),(6,17),(12,16),(1,14),(23,42),(33,10),(19,7),(15,9),(40,15),(44,11),(46,38),(25,36),(33,24),(41,10),(6,36),(9,8),(39,7),(36,29),(35,40),(3,25),(14,33),(35,20),(42,9),(18,22),(6,5),(16,44),(6,33),(8,14),(31,23),(44,33),(4,25),(47,43),(8,23),(3,42),(32,23),(44,35),(37,27),(43,24),(46,14),(17,12),(21,6),(3,17),(14,38),(4,35),(2,30),(30,7),(43,3),(41,22),(21,26),(12,1),(10,28),(47,26),(27,41),(29,25),(30,37),(24,23),(17,14),(40,29),(18,41),(26,16),(9,2),(12,35),(33,42),(14,35),(38,41),(39,9),(47,8),(38,22),(23,40),(30,47),
72:(2,21),(18,25),(32,27),(38,11),(40,11),(41,26),(40,14),(38,13),(36,23),(8,17),(12,17),(20,44),(45,40),(28,23),(25,17),(45,27),(16,37),(45,28),(30,40),(15,42),(13,23),(45,7),(37,47),(11,45),(12,3),(22,23),(11,1),(6,27),(36,7),(4,5),(12,25),(6,17),(12,15),(1,14),(23,42),(33,10),(19,7),(15,9),(40,15),(44,11),(46,38),(25,36),(33,24),(42,10),(6,36),(9,8),(39,7),(36,29),(35,41),(3,25),(14,33),(35,20),(42,9),(17,22),(6,5),(16,44),(6,33),(8,14),(31,23),(44,33),(4,25),(47,43),(8,23),(3,42),(32,23),(44,35),(37,27),(43,24),(46,14),(17,12),(21,6),(3,17),(14,38),(4,35),(2,30),(30,7),(43,3),(41,22),(21,26),(12,1),(10,28),(47,26),(27,41),(29,25),(30,37),(24,23),(17,14),(40,29),(18,41),(26,16),(9,2),(12,35),(33,42),(14,35),(38,41),(39,9),(47,8),(38,22),(23,40),(30,47),
73:(2,21),(18,25),(32,27),(38,11),(40,11),(41,26),(40,14),(38,13),(36,23),(8,17),(12,16),(20,44),(45,40),(28,23),(25,17),(45,27),(16,37),(45,28),(30,40),(15,42),(13,23),(45,7),(37,47),(11,45),(12,3),(22,23),(11,1),(6,27),(36,7),(4,5),(12,25),(6,17),(12,14),(1,14),(23,42),(33,10),(19,7),(15,9),(40,15),(44,11),(46,38),(25,36),(33,24),(43,10),(6,36),(9,8),(39,7),(36,29),(35,42),(3,25),(14,33),(35,20),(42,9),(16,22),(6,5),(16,44),(6,33),(8,14),(31,23),(44,33),(4,25),(47,43),(8,23),(3,42),(32,23),(44,35),(37,27),(43,24),(46,14),(17,12),(21,6),(3,17),(14,38),(4,35),(2,30),(30,7),(43,3),(41,22),(21,26),(12,1),(10,28),(47,26),(27,41),(29,25),(30,37),(24,23),(17,14),(40,29),(18,41),(26,16),(9,2),(12,35),(33,42),(14,35),(38,41),(39,9),(47,8),(38,22),(23,40),(30,47),
74:(2,21),(18,25),(32,27),(38,11),(40,11),(41,26),(40,14),(38,13),(36,23),(8,17),(12,15),(20,44),(45,40),(28,23),(25,17),(45,27),(16,37),(45,28),(30,40),(15,42),(13,23),(45,7),(37,47),(11,45),(12,3),(22,23),(11,1),(6,27),(36,7),(4,5),(12,25),(6,17),(12,13),(1,14),(23,42),(33,10),(19,7),(15,9),(40,15),(44,11),(46,38),(25,36),(33,24),(44,10),(6,36),(9,8),(39,7),(36,29),(35,43),(3,25),(14,33),(35,20),(42,9),(15,22),(6,5),(16,44),(6,33),(8,14),(31,23),(44,33),(4,25),(47,43),(8,23),(3,42),(32,23),(44,35),(37,27),(43,24),(46,14),(17,12),(21,6),(3,17),(14,38),(4,35),(2,30),(30,7),(43,3),(41,22),(21,26),(12,1),(10,28),(47,26),(27,41),(29,25),(30,37),(24,23),(17,14),(40,29),(18,41),(26,16),(9,2),(12,35),(33,42),(14,35),(38,41),(39,9),(47,8),(38,22),(23,40),(30,47),
75:(2,21),(18,25),(32,27),(38,11),(40,11),(41,26),(40,14),(38,13),(36,23),(8,17),(12,14),(20,44),(45,40),(28,23),(25,17),(45,27),(16,37),(45,28),(30,40),(15,42),(13,23),(45,7),(37,47),(11,45),(12,3),(22,23),(11,1),(6,27),(36,7),(4,5),(12,25),(6,17),(12,12),(1,14),(23,42),(33,10),(19,7),(15,9),(40,15),(44,11),(46,38),(25,36),(33,24),(45,10),(6,36),(9,8),(39,7),(36,29),(35,44),(3,25),(14,33),(35,20),(42,9),(14,22),(6,5),(16,44),(6,33),(8,14),(31,23),(44,33),(4,25),(47,43),(8,23),(3,42),(32,23),(44,35),(37,27),(43,24),(46,14),(17,12),(21,6),(3,17),(14,38),(4,35),(2,30),(30,7),(43,3),(41,22),(21,26),(12,1),(10,28),(47,26),(27,41),(29,25),(30,37),(24,23),(17,14),(40,29),(18,41),(26,16),(9,2),(12,35),(33,42),(14,35),(38,41),(39,9),(47,8),(38,22),(23,40),(30,47),
76:(2,21),(18,25),(32,27),(38,11),(40,11),(41,26),(40,14),(38,13),(36,23),(8,17),(12,13),(20,44),(45,40),(28,23),(25,17),(45,27),(16,37),(45,28),(30,40),(15,42),(13,23),(45,7),(37,47),(11,45),(12,3),(22,23),(11,1),(6,27),(36,7),(4,5),(12,25),(6,17),(12,11),(1,14),(23,42),(33,10),(19,7),(15,9),(40,15),(44,11),(46,38),(25,36),(33,24),(46,10),(6,36),(9,8),(39,7),(36,29),(35,45),(3,25),(14,33),(35,20),(42,9),(14,22),(6,5),(16,44),(6,33),(8,14),(31,23),(44,33),(4,25),(47,43),(8,23),(3,42),(32,23),(44,35),(37,27),(43,24),(46,14),(17,12),(21,6),(3,17),(14,38),(4,35),(2,30),(30,7),(43,3),(41,22),(21,26),(12,1),(10,28),(47,26),(27,41),(29,25),(30,37),(24,23),(17,14),(40,29),(18,41),(26,16),(9,2),(12,35),(33,42),(14,35),(38,41),(39,9),(47,8),(38,22),(23,40),(30,47),
77:(2,21),(18,25),(32,27),(38,11),(40,11),(41,26),(40,14),(38,13),(36,23),(8,17),(12,12),(20,44),(45,40),(28,23),(25,17),(45,27),(16,37),(45,28),(30,40),(15,42),(13,23),(45,7),(37,47),(11,45),(12,3),(22,23),(11,1),(6,27),(36,7),(4,5),(12,25),(6,17),(12,10),(1,14),(23,42),(33,10),(19,7),(15,9),(40,15),(44,11),(46,38),(25,36),(33,24),(46,10),(6,36),(9,8),(39,7),(36,29),(35,46),(3,25),(14,33),(35,20),(42,9),(14,22),(6,5),(16,44),(6,33),(8,14),(31,23),(44,33),(4,25),(47,43),(8,23),(3,42),(32,23),(44,35),(37,27),(43,24),(46,14),(17,12),(21,6),(3,17),(14,38),(4,35),(2,30),(30,7),(43,3),(41,22),(21,26),(12,1),(10,28),(47,26),(27,41),(29,25),(30,37),(24,23),(17,14),(40,29),(18,41),(26,16),(9,2),(12,35),(33,42),(14,35),(38,41),(39,9),(47,8),(38,22),(23,40),(30,47),
78:(2,21),(18,25),(32,27),(38,11),(40,11),(41,26),(40,14),(38,13),(36,23),(8,17),(12,11),(20,44),(45,40),(28,23),(25,17),(45,27),(16,37),(45,28),(30,40),(15,42),(13,23),(45,7),(37,47),(11,45),(12,3),(22,23),(11,1),(6,27),(36,7),(4,5),(12,25),(6,17),(12,9),(1,14),(23,42),(33,10),(19,7),(15,9),(40,15),(44,11),(46,38),(25,36),(33,24),(46,10),(6,36),(9,8),(39,7),(36,29),(35,46),(3,25),(14,33),(35,20),(42,9),(14,22),(6,5),(16,44),(6,33),(8,14),(31,23),(44,33),(4,25),(47,43),(8,23),(3,42),(32,23),(44,35),(37,27),(43,24),(46,14),(17,12),(21,6),(3,17),(14,38),(4,35),(2,30),(30,7),(43,3),(41,22),(21,26),(12,1),(10,28),(47,26),(27,41),(29,25),(30,37),(24,23),(17,14),(40,29),(18,41),(26,16),(9,2),(12,35),(33,42),(14,35),(38,41),(39,9),(47,8),(38,22),(23,40),(30,47),
79:(2,21),(18,25),(32,27),(38,11),(40,11),(41,26),(40,14),(38,13),(36,23),(8,17),(12,10),(20,44),(45,40),(28,23),(25,17),(45,27),(16,37),(45,28),(30,40),(15,42),(13,23),(45,7),(37,47),(11,45),(12,3),(22,23),(11,1),(6,27),(36,7),(4,5),(12,25),(6,17),(12,8),(1,14),(23,42),(33,10),(19,7),(15,9),(40,15),(44,11),(46,38),(25,36),(33,24),(46,10),(6,36),(9,8),(39,7),(36,29),(35,46),(3,25),(14,33),(35,20),(42,9),(14,22),(6,5),(16,44),(6,33),(8,14),(31,23),(44,33),(4,25),(47,43),(8,23),(3,42),(32,23),(44,35),(37,27),(43,24),(46,14),(17,12),(21,6),(3,17),(14,38),(4,35),(2,30),(30,7),(43,3),(41,22),(21,26),(12,1),(10,28),(47,26),(27,41),(29,25),(30,37),(24,23),(17,14),(40,29),(18,41),(26,16),(9,2),(12,35),(33,42),(14,35),(38,41),(39,9),(47,8),(38,22),(23,40),(30,47),
80:(2,21),(18,25),(32,27),(38,11),(40,11),(41,26),(40,14),(38,13),(36,23),(8,17),(12,10),(20,44),(45,40),(28,23),(25,17),(45,27),(16,37),(45,28),(30,40),(15,42),(13,23),(45,7),(37,47),(11,45),(12,3),(22,23),(11,1),(6,27),(36,7),(4,5),(12,25),(6,17),(12,7),(1,14),(23,42),(33,10),(19,7),(15,9),(40,15),(44,11),(46,38),(25,36),(33,24),(46,10),(6,36),(9,8),(39,7),(36,29),(35,46),(3,25),(14,33),(35,20),(42,9),(14,22),(6,5),(16,44),(6,33),(8,14),(31,23),(44,33),(4,25),(47,43),(8,23),(3,42),(32,23),(44,35),(37,27),(43,24),(46,14),(17,12),(21,6),(3,17),(14,38),(4,35),(2,30),(30,7),(43,3),(41,22),(21,26),(12,1),(10,28),(47,26),(27,41),(29,25),(30,37),(24,23),(17,14),(40,29),(18,41),(26,16),(9,2),(12,35),(33,42),(14,35),(38,41),(39,9),(47,8),(38,22),(23,40),(30,47),
81:(2,21),(18,25),(32,27),(38,11),(40,11),(41,26),(40,14),(38,13),(36,23),(8,17),(12,10),(20,44),(45,40),(28,23),(25,17),(45,27),(16,37),(45,28),(30,40),(15,42),(13,23),(45,7),(37,47),(11,45),(12,3),(22,23),(11,1),(6,27),(36,7),(4,5),(12,25),(6,17),(12,6),(1,14),(23,42),(33,10),(19,7),(15,9),(40,15),(44,11),(46,38),(25,36),(33,24),(46,10),(6,36),(9,8),(39,7),(36,29),(35,46),(3,25),(14,33),(35,20),(42,9),(14,22),(6,5),(16,44),(6,33),(8,14),(31,23),(44,33),(4,25),(47,43),(8,23),(3,42),(32,23),(44,35),(37,27),(43,24),(46,14),(17,12),(21,6),(3,17),(14,38),(4,35),(2,30),(30,7),(43,3),(41,22),(21,26),(12,1),(10,28),(47,26),(27,41),(29,25),(30,37),(24,23),(17,14),(40,29),(18,41),(26,16),(9,2),(12,35),(33,42),(14,35),(38,41),(39,9),(47,8),(38,22),(23,40),(30,47),
82:(2,21),(18,25),(32,27),(38,11),(40,11),(41,26),(40,14),(38,13),(36,23),(8,17),(12,10),(20,44),(45,40),(28,23),(25,17),(45,27),(16,37),(45,28),(30,40),(15,42),(13,23),(45,7),(37,47),(11,45),(12,3),(22,23),(11,1),(6,27),(36,7),(4,5),(12,25),(6,17),(12,5),(1,14),(23,42),(33,10),(19,7),(15,9),(40,15),(44,11),(46,38),(25,36),(33,24),(46,10),(6,36),(9,8),(39,7),(36,29),(35,46),(3,25),(14,33),(35,20),(42,9),(14,22),(6,5),(16,44),(6,33),(8,14),(31,23),(44,33),(4,25),(47,43),(8,23),(3,42),(32,23),(44,35),(37,27),(43,24),(46,14),(17,12),(21,6),(3,17),(14,38),(4,35),(2,30),(30,7),(43,3),(41,22),(21,26),(12,1),(10,28),(47,26),(27,41),(29,25),(30,37),(24,23),(17,14),(40,29),(18,41),(26,16),(9,2),(12,35),(33,42),(14,35),(38,41),(39,9),(47,8),(38,22),(23,40),(30,47),
83:(2,21),(18,25),(32,27),(38,11),(40,11),(41,26),(40,14),(38,13),(36,23),(8,17),(12,10),(20,44),(45,40),(28,23),(25,17),(45,27),(16,37),(45,28),(30,40),(15,42),(13,23),(45,7),(37,47),(11,45),(12,3),(22,23),(11,1),(6,27),(36,7),(4,5),(12,25),(6,17),(12,4),(1,14),(23,42),(33,10),(19,7),(15,9),(40,15),(44,11),(46,38),(25,36),(33,24),(46,10),(6,36),(9,8),(39,7),(36,29),(35,46),(3,25),(14,33),(35,20),(42,9),(14,22),(6,5),(16,44),(6,33),(8,14),(31,23),(44,33),(4,25),(47,43),(8,23),(3,42),(32,23),(44,35),(37,27),(43,24),(46,14),(17,12),(21,6),(3,17),(14,38),(4,35),(2,30),(30,7),(43,3),(41,22),(21,26),(12,1),(10,28),(47,26),(27,41),(29,25),(30,37),(24,23),(17,14),(40,29),(18,41),(26,16),(9,2),(12,35),(33,42),(14,35),(38,41),(39,9),(47,8),(38,22),(23,40),(30,47),
84:(2,21),(18,25),(32,27),(38,11),(40,11),(41,26),(40,14),(38,13),(36,23),(8,17),(12,10),(20,44),(45,40),(28,23),(25,17),(45,27),(16,37),(45,28),(30,40),(15,42),(13,23),(45,7),(37,47),(11,45),(12,3),(22,23),(11,1),(6,27),(36,7),(4,5),(12,25),(6,17),(12,4),(1,14),(23,42),(33,10),(19,7),(15,9),(40,15),(44,11),(46,38),(25,36),(33,24),(46,10),(6,36),(9,8),(39,7),(36,29),(35,46),(3,25),(14,33),(35,20),(42,9),(14,22),(6,5),(16,44),(6,33),(8,14),(31,23),(44,33),(4,25),(47,43),(8,23),(3,42),(32,23),(44,35),(37,27),(43,24),(46,14),(17,12),(21,6),(3,17),(14,38),(4,35),(2,30),(30,7),(43,3),(41,22),(21,26),(12,1),(10,28),(47,26),(27,41),(29,25),(30,37),(24,23),(17,14),(40,29),(18,41),(26,16),(9,2),(12,35),(33,42),(14,35),(38,41),(39,9),(47,8),(38,22),(23,40),(30,47),
85:(2,21),(18,25),(32,27),(38,11),(40,11),(41,26),(40,14),(38,13),(36,23),(8,17),(12,10),(20,44),(45,40),(28,23),(25,17),(45,27),(16,37),(45,28),(30,40),(15,42),(13,23),(45,7),(37,47),(11,45),(11,3),(22,23),(11,1),(6,27),(36,7),(4,5),(12,25),(6,17),(12,3),(1,14),(23,42),(33,10),(19,7),(15,9),(40,15),(44,11),(46,38),(25,36),(33,24),(46,10),(6,36),(9,8),(39,7),(36,29),(35,46),(3,25),(14,33),(35,20),(42,9),(14,22),(6,5),(16,44),(6,33),(8,14),(31,23),(44,33),(4,25),(47,43),(8,23),(3,42),(32,23),(44,35),(37,27),(43,24),(46,14),(17,12),(21,6),(3,17),(14,38),(4,35),(2,30),(30,7),(43,3),(41,22),(21,26),(12,1),(10,28),(47,26),(27,41),(29,25),(30,37),(24,23),(17,14),(40,29),(18,41),(26,16),(9,2),(12,35),(33,42),(14,35),(38,41),(39,9),(47,8),(38,22),(23,40),(30,47),
86:(2,21),(18,25),(32,27),(38,11),(40,11),(41,26),(40,14),(38,13),(36,23),(8,17),(12,10),(20,44),(45,40),(28,23),(25,17),(45,27),(16,37),(45,28),(30,40),(15,42),(13,23),(45,7),(37,47),(11,45),(12,3),(22,23),(11,1),(6,27),(36,7),(4,5),(12,25),(6,17),(12,2),(1,14),(23,42),(33,10),(19,7),(15,9),(40,15),(44,11),(46,38),(25,36),(33,24),(46,10),(6,36),(9,8),(39,7),(36,29),(35,46),(3,25),(14,33),(35,20),(42,9),(14,22),(6,5),(16,44),(6,33),(8,14),(31,23),(44,33),(4,25),(47,43),(8,23),(3,42),(32,23),(44,35),(37,27),(43,24),(46,14),(17,12),(21,6),(3,17),(14,38),(4,35),(2,30),(30,7),(43,3),(41,22),(21,26),(12,1),(10,28),(47,26),(27,41),(29,25),(30,37),(24,23),(17,14),(40,29),(18,41),(26,16),(9,2),(12,35),(33,42),(14,35),(38,41),(39,9),(47,8),(38,22),(23,40),(30,47),
